P3
102 102
255
0 0 0
0 0 0
0 0 0
0 0 0
0 0 0
0 0 0
0 0 0
0 0 0
0 0 0
0 0 0
0 0 0
0 0 0
0 0 0
0 0 0
0 0 0
0 0 0
0 0 0
0 0 0
0 0 0
0 0 0
0 0 0
0 0 0
0 0 0
0 0 0
0 0 0
0 0 0
0 0 0
0 0 0
0 0 0
0 0 0
0 0 0
0 0 0
0 0 0
0 0 0
0 0 0
0 0 0
0 0 0
0 0 0
0 0 0
0 0 0
0 0 0
0 0 0
0 0 0
0 0 0
0 0 0
0 0 0
0 0 0
5 4 2
0 0 0
0 0 0
0 0 0
0 0 0
0 0 0
8 7 4
55 52 30
35 32 16
0 0 0
0 0 0
0 0 0
0 0 0
2 2 1
38 33 22
19 17 11
0 0 0
0 0 0
0 0 0
0 0 0
0 0 0
7 7 5
9 8 5
1 1 1
0 0 0
0 0 0
0 0 0
0 0 0
14 13 9
17 17 12
12 11 7
5 4 2
0 0 0
0 0 0
0 0 0
4 4 2
11 10 8
10 9 7
1 1 1
0 0 0
0 0 0
0 0 0
0 0 0
0 0 0
0 0 0
0 0 0
0 0 0
0 0 0
0 0 0
0 0 0
0 0 0
0 0 0
0 0 0
0 0 0
0 0 0
0 0 0
0 0 0
0 0 0
0 0 0
0 0 0
0 0 0
0 0 0
0 0 0
0 0 0
0 0 0
0 0 0
0 0 0
0 0 0
0 0 0
0 0 0
0 0 0
0 0 0
0 0 0
0 0 0
0 0 0
0 0 0
0 0 0
0 0 0
0 0 0
0 0 0
0 0 0
0 0 0
0 0 0
0 0 0
0 0 0
0 0 0
0 0 0
0 0 0
0 0 0
0 0 0
0 0 0
0 0 0
0 0 0
0 0 0
0 0 0
0 0 0
0 0 0
0 0 0
0 0 0
0 0 0
0 0 0
0 0 0
0 0 0
0 0 0
0 0 0
0 0 0
0 0 0
0 0 0
11 10 5
7 7 4
6 6 3
0 0 0
0 0 0
0 0 0
0 0 0
3 2 1
4 4 2
0 0 0
0 0 0
0 0 0
0 0 0
0 0 0
0 0 0
0 0 0
0 0 0
0 0 0
0 0 0
0 0 0
0 0 0
0 0 0
0 0 0
0 0 0
0 0 0
0 0 0
0 0 0
0 0 0
0 0 0
0 0 0
0 0 0
0 0 0
0 0 0
0 0 0
0 0 0
0 0 0
0 0 0
0 0 0
0 0 0
0 0 0
0 0 0
0 0 0
0 0 0
0 0 0
0 0 0
0 0 0
0 0 0
0 0 0
0 0 0
0 0 0
0 0 0
0 0 0
0 0 0
0 0 0
0 0 0
0 0 0
0 0 0
0 0 0
0 0 0
0 0 0
0 0 0
0 0 0
0 0 0
0 0 0
0 0 0
0 0 0
0 0 0
0 0 0
0 0 0
0 0 0
0 0 0
0 0 0
0 0 0
0 0 0
0 0 0
0 0 0
0 0 0
0 0 0
0 0 0
0 0 0
0 0 0
0 0 0
0 0 0
0 0 0
0 0 0
0 0 0
0 0 0
0 0 0
0 0 0
0 0 0
0 0 0
0 0 0
0 0 0
0 0 0
0 0 0
0 0 0
0 0 0
0 0 0
0 0 0
0 0 0
0 0 0
0 0 0
0 0 0
0 0 0
0 0 0
0 0 0
0 0 0
0 0 0
0 0 0
0 0 0
0 0 0
0 0 0
0 0 0
0 0 0
0 0 0
0 0 0
0 0 0
0 0 0
0 0 0
0 0 0
0 0 0
0 0 0
0 1 0
0 0 0
0 0 0
0 0 0
0 0 0
0 0 0
0 0 0
0 0 0
0 0 0
0 0 0
0 0 0
0 0 0
0 0 0
0 0 0
0 0 0
0 0 0
0 0 0
0 0 0
0 0 0
0 0 0
0 0 0
0 0 0
0 0 0
0 0 0
0 0 0
0 0 0
0 0 0
0 0 0
0 0 0
0 0 0
0 0 0
0 0 0
0 0 0
0 0 0
0 0 0
0 0 0
0 0 0
0 0 0
0 0 0
0 0 0
0 0 0
0 0 0
0 0 0
0 0 0
0 0 0
0 0 0
0 0 0
0 0 0
0 0 0
0 0 0
0 0 0
0 0 0
0 0 0
0 0 0
0 0 0
0 0 0
0 0 0
0 0 0
0 0 0
0 0 0
0 0 0
0 0 0
0 0 0
0 0 0
0 0 0
0 0 0
0 0 0
0 0 0
0 0 0
0 0 0
0 0 0
0 0 0
0 0 0
0 0 0
0 0 0
0 0 0
0 0 0
0 0 0
0 0 0
0 0 0
0 0 0
0 0 0
0 0 0
0 0 0
0 0 0
0 0 0
0 0 0
0 0 0
0 0 0
0 0 0
0 0 0
0 0 0
0 0 0
0 0 0
0 0 0
0 0 0
0 0 0
0 0 0
0 0 0
0 0 0
0 0 0
0 0 0
2 2 2
0 0 0
0 0 0
0 0 0
0 0 0
0 0 0
0 0 0
0 0 0
0 0 0
0 0 0
0 0 0
0 0 0
0 0 0
0 0 0
0 0 0
0 0 0
0 0 0
0 0 0
0 0 0
0 0 0
0 0 0
0 0 0
0 0 0
0 0 0
0 0 0
0 0 0
0 0 0
0 0 0
0 0 0
0 0 0
0 0 0
0 0 0
0 0 0
0 0 0
0 0 0
0 0 0
0 0 0
0 0 0
0 0 0
0 0 0
0 0 0
0 0 0
0 0 0
0 0 0
0 0 0
0 0 0
0 0 0
0 0 0
0 0 0
0 0 0
0 0 0
0 0 0
0 0 0
0 0 0
0 0 0
0 0 0
0 0 0
0 0 0
0 0 0
0 0 0
0 0 0
0 0 0
0 0 0
0 0 0
0 0 0
0 0 0
0 0 0
0 0 0
0 0 0
0 0 0
0 0 0
0 0 0
0 0 0
0 0 0
0 0 0
0 0 0
0 0 0
0 0 0
0 0 0
0 0 0
0 0 0
0 0 0
0 0 0
0 0 0
0 0 0
0 0 0
0 0 0
0 0 0
0 0 0
0 0 0
0 0 0
0 0 0
0 0 0
0 0 0
0 0 0
0 0 0
0 0 0
0 0 0
0 0 0
0 0 0
0 0 0
0 0 0
0 0 0
0 0 0
0 0 0
0 0 0
0 0 0
0 0 0
0 0 0
0 0 0
0 0 0
0 0 0
0 0 0
0 0 0
0 0 0
0 0 0
0 0 0
0 0 0
0 0 0
0 0 0
0 0 0
0 0 0
0 0 0
0 0 0
0 0 0
0 0 0
0 0 0
0 0 0
0 0 0
0 0 0
0 0 0
0 0 0
0 0 0
0 0 0
0 0 0
0 0 0
0 0 0
0 0 0
0 0 0
0 0 0
0 0 0
0 0 0
0 0 0
0 0 0
0 0 0
0 0 0
0 0 0
0 0 0
0 0 0
0 0 0
0 0 0
0 0 0
0 0 0
0 0 0
0 0 0
0 0 0
0 0 0
0 0 0
0 0 0
0 0 0
0 0 0
0 0 0
0 0 0
0 0 0
0 0 0
0 0 0
0 0 0
0 0 0
0 0 0
0 0 0
0 0 0
0 0 0
0 0 0
0 0 0
0 0 0
0 0 0
0 0 0
0 0 0
0 0 0
0 0 0
0 0 0
0 0 0
0 0 0
0 0 0
0 0 0
0 0 0
0 0 0
0 0 0
0 0 0
0 0 0
0 0 0
0 0 0
0 0 0
0 0 0
0 0 0
0 0 0
0 0 0
0 0 0
0 0 0
0 0 0
0 0 0
0 0 0
0 0 0
0 0 0
0 0 0
0 0 0
0 0 0
0 0 0
0 0 0
0 0 0
0 0 0
0 0 0
0 0 0
0 0 0
0 0 0
0 0 0
0 0 0
0 0 0
0 0 0
0 0 0
0 0 0
0 0 0
0 0 0
0 0 0
0 0 0
0 0 0
0 0 0
0 0 0
0 0 0
0 0 0
0 0 0
0 0 0
0 0 0
0 0 0
0 0 0
0 0 0
0 0 0
0 0 0
0 0 0
0 0 0
0 0 0
0 0 0
0 0 0
0 0 0
0 0 0
0 0 0
0 0 0
0 0 0
0 0 0
0 0 0
0 0 0
0 0 0
0 0 0
0 0 0
0 0 0
0 0 0
0 0 0
0 0 0
0 0 0
0 0 0
0 0 0
0 0 0
0 0 0
0 0 0
0 0 0
0 0 0
0 0 0
0 0 0
0 0 0
0 0 0
0 0 0
0 0 0
0 0 0
0 0 0
0 0 0
0 0 0
0 0 0
0 0 0
0 0 0
0 0 0
0 0 0
0 0 0
0 0 0
0 0 0
0 0 0
0 0 0
0 0 0
0 0 0
0 0 0
0 0 0
0 0 0
0 0 0
0 0 0
0 0 0
0 0 0
5 4 2
4 4 2
0 0 0
0 0 0
0 0 0
0 0 0
0 0 0
0 0 0
0 0 0
0 0 0
0 0 0
0 0 0
2 2 1
38 33 29
30 26 20
1 1 0
0 0 0
0 0 0
0 0 0
0 0 0
0 0 0
0 0 0
0 0 0
0 0 0
0 0 0
0 0 0
0 0 0
0 0 0
0 0 0
0 0 0
0 0 0
0 0 0
0 0 0
0 0 0
0 0 0
0 0 0
0 0 0
0 0 0
0 0 0
0 0 0
0 0 0
0 0 0
0 0 0
0 0 0
0 0 0
0 0 0
0 0 0
0 0 0
0 0 0
0 0 0
0 0 0
0 0 0
0 0 0
0 0 0
0 0 0
0 0 0
0 0 0
0 0 0
0 0 0
0 0 0
0 0 0
0 0 0
0 0 0
0 0 0
0 0 0
0 0 0
0 0 0
0 0 0
0 0 0
0 0 0
0 0 0
0 0 0
0 0 0
0 0 0
0 0 0
0 0 0
0 0 0
0 0 0
0 0 0
0 0 0
0 0 0
0 0 0
0 0 0
0 0 0
0 0 0
0 0 0
0 0 0
0 0 0
0 0 0
0 0 0
0 0 0
0 0 0
0 0 0
0 0 0
0 0 0
0 0 0
0 0 0
0 0 0
0 0 0
0 0 0
0 0 0
11 10 6
95 82 61
74 62 42
1 1 0
0 0 0
0 0 0
0 0 0
0 0 0
0 0 0
0 0 0
0 0 0
0 0 0
25 21 18
118 105 98
115 98 85
22 16 9
1 1 0
0 0 0
0 0 0
0 0 0
0 0 0
0 0 0
0 0 0
0 0 0
0 0 0
0 0 0
0 0 0
0 0 0
0 0 0
0 0 0
0 0 0
0 0 0
0 0 0
0 0 0
0 0 0
0 0 0
0 0 0
0 0 0
0 0 0
0 0 0
0 0 0
0 0 0
0 0 0
0 0 0
0 0 0
0 0 0
0 0 0
0 0 0
0 0 0
0 0 0
0 0 0
0 0 0
0 0 0
0 0 0
0 0 0
0 0 0
0 0 0
0 0 0
0 0 0
0 0 0
0 0 0
0 0 0
0 0 0
0 0 0
0 0 0
0 0 0
0 0 0
0 0 0
0 0 0
0 0 0
0 0 0
0 0 0
0 0 0
0 0 0
0 0 0
0 0 0
0 0 0
0 0 0
0 0 0
0 0 0
0 0 0
0 0 0
0 0 0
0 0 0
0 0 0
0 0 0
0 0 0
0 0 0
0 0 0
0 0 0
0 0 0
0 0 0
0 0 0
0 0 0
0 0 0
0 0 0
0 0 0
0 0 0
0 0 0
0 0 0
0 0 0
3 3 2
49 42 28
67 45 18
32 21 8
0 0 0
0 0 0
0 0 0
0 0 0
0 0 0
0 0 0
1 0 0
20 16 12
92 79 73
151 137 130
85 70 55
15 9 3
1 0 0
0 0 0
0 0 0
0 0 0
0 0 0
0 0 0
0 0 0
0 0 0
0 0 0
0 0 0
0 0 0
0 0 0
0 0 0
0 0 0
0 0 0
0 0 0
0 0 0
0 0 0
0 0 0
0 0 0
0 0 0
0 0 0
0 0 0
0 0 0
0 0 0
0 0 0
0 0 0
0 0 0
0 0 0
0 0 0
0 0 0
0 0 0
0 0 0
0 0 0
0 0 0
0 0 0
0 0 0
0 0 0
0 0 0
0 0 0
0 0 0
0 0 0
0 0 0
0 0 0
0 0 0
0 0 0
0 0 0
0 0 0
0 0 0
0 0 0
0 0 0
0 0 0
0 0 0
0 0 0
0 0 0
0 0 0
0 0 0
0 0 0
0 0 0
0 0 0
0 0 0
0 0 0
0 0 0
0 0 0
0 0 0
0 0 0
0 0 0
0 0 0
0 0 0
0 0 0
0 0 0
0 0 0
0 0 0
0 0 0
0 0 0
0 0 0
0 0 0
0 0 0
0 0 0
0 0 0
0 0 0
0 0 0
0 0 0
0 0 0
0 0 0
0 0 0
28 24 14
43 28 9
42 24 5
3 2 1
0 0 0
0 0 0
0 0 0
0 0 0
0 0 0
1 1 0
69 60 52
189 167 157
172 152 133
98 73 39
11 7 3
0 0 0
0 0 0
0 0 0
0 0 0
0 0 0
0 0 0
0 0 0
0 0 0
0 0 0
0 0 0
0 0 0
0 0 0
0 0 0
0 0 0
0 0 0
0 0 0
0 0 0
0 0 0
0 0 0
0 0 0
0 0 0
0 0 0
0 0 0
0 0 0
0 0 0
0 0 0
0 0 0
0 0 0
0 0 0
0 0 0
0 0 0
0 0 0
0 0 0
0 0 0
0 0 0
0 0 0
0 0 0
0 0 0
0 0 0
0 0 0
0 0 0
0 0 0
0 0 0
0 0 0
0 0 0
0 0 0
0 0 0
0 0 0
0 0 0
0 0 0
0 0 0
0 0 0
0 0 0
0 0 0
0 0 0
0 0 0
0 0 0
0 0 0
0 0 0
0 0 0
0 0 0
0 0 0
0 0 0
0 0 0
0 0 0
0 0 0
0 0 0
0 0 0
0 0 0
0 0 0
0 0 0
0 0 0
0 0 0
0 0 0
0 0 0
0 0 0
0 0 0
0 0 0
0 0 0
0 0 0
0 0 0
0 0 0
0 0 0
0 0 0
0 0 0
11 11 6
36 30 19
59 39 15
65 36 9
21 12 2
0 0 0
0 0 0
0 0 0
0 0 0
0 0 0
1 0 0
62 52 47
187 168 166
182 164 155
112 91 57
37 28 12
0 0 0
0 0 0
0 0 0
0 0 0
0 0 0
0 0 0
0 0 0
0 0 0
0 0 0
0 0 0
0 0 0
0 0 0
0 0 0
0 0 0
0 0 0
0 0 0
0 0 0
0 0 0
0 0 0
0 0 0
0 0 0
0 0 0
0 0 0
0 0 0
0 0 0
0 0 0
0 0 0
0 0 0
0 0 0
0 0 0
0 0 0
0 0 0
0 0 0
0 0 0
0 0 0
0 0 0
0 0 0
0 0 0
0 0 0
0 0 0
0 0 0
0 0 0
0 0 0
0 0 0
0 0 0
0 0 0
0 0 0
0 0 0
0 0 0
0 0 0
0 0 0
0 0 0
0 0 0
0 0 0
0 0 0
0 0 0
0 0 0
0 0 0
0 0 0
0 0 0
0 0 0
0 0 0
0 0 0
0 0 0
0 0 0
0 0 0
0 0 0
0 0 0
0 0 0
0 0 0
0 0 0
0 0 0
0 0 0
0 0 0
0 0 0
0 0 0
0 0 0
0 0 0
2 2 1
21 20 11
0 0 0
0 0 0
0 0 0
0 0 0
0 0 0
12 10 7
63 57 44
69 45 18
84 49 12
72 43 7
3 2 0
0 0 0
0 0 0
0 0 0
0 0 0
0 0 0
53 45 40
202 179 169
189 170 160
137 113 72
34 25 10
2 1 1
0 0 0
0 0 0
0 0 0
0 0 0
0 0 0
0 0 0
0 0 0
0 0 0
0 0 0
0 0 0
0 0 0
0 0 0
0 0 0
0 0 0
0 0 0
0 0 0
0 0 0
0 0 0
0 0 0
0 0 0
0 0 0
0 0 0
0 0 0
0 0 0
0 0 0
0 0 0
0 0 0
0 0 0
0 0 0
0 0 0
0 0 0
0 0 0
0 0 0
0 0 0
0 0 0
0 0 0
0 0 0
0 0 0
0 0 0
0 0 0
0 0 0
0 0 0
0 0 0
0 0 0
0 0 0
0 0 0
0 0 0
0 0 0
0 0 0
0 0 0
0 0 0
0 0 0
0 0 0
0 0 0
0 0 0
0 0 0
0 0 0
0 0 0
0 0 0
0 0 0
0 0 0
0 0 0
0 0 0
0 0 0
0 0 0
0 0 0
0 0 0
0 0 0
0 0 0
0 0 0
0 0 0
0 0 0
0 0 0
0 0 0
0 0 0
0 0 0
0 0 0
1 1 1
12 11 5
27 26 11
11 10 4
0 0 0
0 0 0
4 4 2
56 47 33
79 59 36
63 40 16
75 44 11
102 69 20
35 25 4
0 0 0
0 0 0
14 13 7
3 3 1
0 0 0
40 31 22
164 138 117
200 186 180
177 156 136
72 58 33
5 5 2
0 0 0
0 0 0
0 0 0
0 0 0
0 0 0
0 0 0
0 0 0
0 0 0
0 0 0
0 0 0
0 0 0
0 0 0
0 0 0
0 0 0
0 0 0
0 0 0
0 0 0
0 0 0
0 0 0
0 0 0
0 0 0
0 0 0
0 0 0
0 0 0
0 0 0
0 0 0
0 0 0
0 0 0
0 0 0
0 0 0
0 0 0
0 0 0
0 0 0
0 0 0
0 0 0
0 0 0
0 0 0
0 0 0
0 0 0
0 0 0
0 0 0
0 0 0
0 0 0
0 0 0
0 0 0
0 0 0
0 0 0
0 0 0
0 0 0
0 0 0
0 0 0
0 0 0
0 0 0
0 0 0
0 0 0
0 0 0
0 0 0
0 0 0
0 0 0
0 0 0
0 0 0
0 0 0
0 0 0
0 0 0
0 0 0
0 0 0
0 0 0
0 0 0
0 0 0
0 0 0
0 0 0
0 0 0
0 0 0
0 0 0
0 0 0
0 0 0
0 0 0
0 0 0
2 2 1
5 5 3
1 1 0
1 1 0
1 1 0
41 35 26
107 91 71
126 100 56
108 71 27
96 58 19
107 72 18
48 39 10
24 22 6
13 13 4
10 10 3
3 3 1
0 0 0
2 1 0
134 117 103
222 198 181
164 132 96
111 88 50
9 7 3
0 0 0
0 0 0
0 0 0
0 0 0
0 0 0
0 0 0
0 0 0
0 0 0
0 0 0
0 0 0
0 0 0
0 0 0
0 0 0
0 0 0
0 0 0
0 0 0
0 0 0
0 0 0
0 0 0
0 0 0
0 0 0
0 0 0
0 0 0
0 0 0
0 0 0
0 0 0
0 0 0
0 0 0
0 0 0
0 0 0
0 0 0
0 0 0
0 0 0
0 0 0
0 0 0
0 0 0
0 0 0
0 0 0
0 0 0
0 0 0
0 0 0
0 0 0
0 0 0
0 0 0
0 0 0
0 0 0
0 0 0
0 0 0
0 0 0
0 0 0
0 0 0
0 0 0
0 0 0
0 0 0
0 0 0
0 0 0
0 0 0
0 0 0
0 0 0
0 0 0
0 0 0
0 0 0
0 0 0
0 0 0
0 0 0
0 0 0
0 0 0
0 0 0
0 0 0
0 0 0
0 0 0
0 0 0
0 0 0
0 0 0
0 0 0
0 0 0
0 0 0
0 0 0
0 0 0
0 0 0
0 0 0
0 0 0
0 0 0
40 33 22
162 140 109
140 109 57
129 94 33
111 69 16
84 51 8
42 29 6
27 26 6
8 8 3
11 11 5
21 20 7
0 0 0
0 0 0
16 12 8
148 123 94
189 169 155
199 175 153
91 76 54
0 0 0
0 0 0
0 0 0
0 0 0
0 0 0
0 0 0
0 0 0
0 0 0
0 0 0
0 0 0
0 0 0
0 0 0
0 0 0
0 0 0
0 0 0
0 0 0
0 0 0
0 0 0
0 0 0
0 0 0
0 0 0
0 0 0
0 0 0
0 0 0
0 0 0
0 0 0
0 0 0
0 0 0
0 0 0
0 0 0
0 0 0
0 0 0
0 0 0
0 0 0
0 0 0
0 0 0
0 0 0
0 0 0
0 0 0
0 0 0
0 0 0
0 0 0
0 0 0
0 0 0
0 0 0
0 0 0
0 0 0
0 0 0
0 0 0
0 0 0
0 0 0
0 0 0
0 0 0
0 0 0
0 0 0
0 0 0
0 0 0
0 0 0
0 0 0
0 0 0
0 0 0
0 0 0
0 0 0
0 0 0
0 0 0
0 0 0
0 0 0
0 0 0
0 0 0
0 0 0
0 0 0
0 0 0
0 0 0
0 0 0
0 0 0
0 0 0
0 0 0
0 0 0
0 0 0
0 0 0
0 0 0
0 0 0
0 0 0
8 6 4
116 96 61
142 109 62
131 95 31
115 80 22
44 30 6
7 5 0
1 1 0
24 24 7
5 5 2
8 9 4
21 20 8
0 0 0
0 0 0
82 69 58
205 177 150
129 87 37
126 91 40
60 50 28
0 0 0
0 0 0
0 0 0
0 0 0
0 0 0
0 0 0
0 0 0
0 0 0
0 0 0
0 0 0
0 0 0
0 0 0
0 0 0
0 0 0
0 0 0
0 0 0
0 0 0
0 0 0
0 0 0
0 0 0
0 0 0
0 0 0
0 0 0
0 0 0
0 0 0
0 0 0
0 0 0
0 0 0
0 0 0
0 0 0
0 0 0
0 0 0
0 0 0
0 0 0
0 0 0
0 0 0
0 0 0
0 0 0
0 0 0
0 0 0
0 0 0
0 0 0
0 0 0
0 0 0
0 0 0
0 0 0
0 0 0
0 0 0
0 0 0
0 0 0
0 0 0
0 0 0
0 0 0
0 0 0
0 0 0
0 0 0
0 0 0
0 0 0
0 0 0
0 0 0
0 0 0
0 0 0
0 0 0
0 0 0
0 0 0
0 0 0
0 0 0
0 0 0
0 0 0
0 0 0
0 0 0
0 0 0
0 0 0
0 0 0
0 0 0
0 0 0
0 0 0
0 0 0
0 0 0
0 0 0
0 0 0
0 0 0
0 0 0
36 27 11
118 84 39
112 70 14
130 88 25
56 45 19
1 1 0
0 0 0
0 0 0
19 19 8
26 26 13
21 21 10
17 17 8
0 0 0
9 6 4
142 116 84
188 161 136
201 162 118
124 95 44
13 10 5
0 0 0
0 0 0
0 0 0
0 0 0
0 0 0
0 0 0
0 0 0
0 0 0
0 0 0
0 0 0
0 0 0
0 0 0
0 0 0
0 0 0
0 0 0
0 0 0
0 0 0
0 0 0
0 0 0
0 0 0
0 0 0
0 0 0
0 0 0
0 0 0
0 0 0
0 0 0
0 0 0
0 0 0
0 0 0
0 0 0
0 0 0
0 0 0
0 0 0
0 0 0
0 0 0
0 0 0
0 0 0
0 0 0
0 0 0
0 0 0
0 0 0
0 0 0
0 0 0
0 0 0
0 0 0
0 0 0
0 0 0
0 0 0
0 0 0
0 0 0
0 0 0
0 0 0
0 0 0
0 0 0
0 0 0
0 0 0
0 0 0
0 0 0
0 0 0
0 0 0
0 0 0
0 0 0
0 0 0
0 0 0
0 0 0
0 0 0
0 0 0
0 0 0
0 0 0
0 0 0
0 0 0
0 0 0
0 0 0
0 0 0
0 0 0
0 0 0
0 0 0
0 0 0
0 0 0
0 0 0
0 0 0
0 0 0
2 1 0
84 64 29
82 45 6
78 40 6
105 71 22
9 7 3
0 0 0
0 0 0
0 0 0
2 2 1
3 3 1
0 0 0
0 0 0
1 1 0
87 71 55
189 157 127
142 106 51
129 92 50
60 49 26
0 0 0
0 0 0
0 0 0
0 0 0
0 0 0
0 0 0
0 0 0
0 0 0
0 0 0
0 0 0
0 0 0
0 0 0
0 0 0
0 0 0
0 0 0
0 0 0
0 0 0
0 0 0
0 0 0
0 0 0
0 0 0
0 0 0
0 0 0
0 0 0
0 0 0
0 0 0
0 0 0
0 0 0
0 0 0
0 0 0
0 0 0
0 0 0
0 0 0
0 0 0
0 0 0
0 0 0
0 0 0
0 0 0
0 0 0
0 0 0
0 0 0
0 0 0
0 0 0
0 0 0
0 0 0
0 0 0
0 0 0
0 0 0
0 0 0
0 0 0
0 0 0
0 0 0
0 0 0
0 0 0
0 0 0
0 0 0
0 0 0
0 0 0
0 0 0
0 0 0
0 0 0
0 0 0
0 0 0
0 0 0
0 0 0
0 0 0
0 0 0
0 0 0
0 0 0
0 0 0
0 0 0
0 0 0
0 0 0
0 0 0
0 0 0
0 0 0
0 0 0
0 0 0
0 0 0
0 0 0
0 0 0
0 0 0
0 0 0
37 31 19
92 66 27
56 31 4
66 33 4
98 66 15
2 1 0
0 0 0
0 0 0
0 0 0
0 0 0
0 0 0
0 0 0
0 0 0
47 39 31
152 125 92
166 136 100
154 117 61
76 50 11
4 3 1
0 0 0
0 0 0
0 0 0
0 0 0
0 0 0
0 0 0
0 0 0
0 0 0
0 0 0
0 0 0
0 0 0
0 0 0
0 0 0
0 0 0
0 0 0
0 0 0
0 0 0
0 0 0
0 0 0
0 0 0
0 0 0
0 0 0
0 0 0
0 0 0
0 0 0
0 0 0
0 0 0
0 0 0
0 0 0
0 0 0
0 0 0
0 0 0
0 0 0
0 0 0
0 0 0
0 0 0
0 0 0
0 0 0
0 0 0
0 0 0
0 0 0
0 0 0
0 0 0
0 0 0
0 0 0
0 0 0
0 0 0
0 0 0
0 0 0
0 0 0
0 0 0
0 0 0
0 0 0
0 0 0
0 0 0
0 0 0
0 0 0
0 0 0
0 0 0
0 0 0
0 0 0
0 0 0
0 0 0
0 0 0
0 0 0
0 0 0
0 0 0
0 0 0
0 0 0
0 0 0
0 0 0
0 0 0
0 0 0
0 0 0
0 0 0
0 0 0
0 0 0
0 0 0
0 0 0
0 0 0
0 0 0
0 0 0
0 0 0
52 37 16
78 50 14
55 29 4
101 58 10
92 64 15
3 2 1
0 0 0
0 0 0
0 0 0
0 0 0
1 1 0
12 9 7
69 58 49
143 120 89
137 110 67
109 75 31
119 85 32
24 17 3
0 0 0
0 0 0
0 0 0
0 0 0
0 0 0
0 0 0
0 0 0
0 0 0
0 0 0
0 0 0
0 0 0
0 0 0
0 0 0
0 0 0
0 0 0
0 0 0
0 0 0
0 0 0
0 0 0
0 0 0
0 0 0
0 0 0
0 0 0
0 0 0
0 0 0
0 0 0
0 0 0
0 0 0
0 0 0
0 0 0
0 0 0
0 0 0
0 0 0
0 0 0
0 0 0
0 0 0
0 0 0
0 0 0
0 0 0
0 0 0
0 0 0
0 0 0
0 0 0
0 0 0
0 0 0
0 0 0
0 0 0
0 0 0
0 0 0
0 0 0
0 0 0
0 0 0
0 0 0
0 0 0
0 0 0
0 0 0
0 0 0
0 0 0
0 0 0
0 0 0
0 0 0
0 0 0
0 0 0
0 0 0
0 0 0
0 0 0
0 0 0
0 0 0
0 0 0
0 0 0
0 0 0
0 0 0
0 0 0
0 0 0
0 0 0
0 0 0
0 0 0
0 0 0
0 0 0
0 0 0
0 0 0
0 0 0
0 0 0
20 16 10
112 92 57
73 43 10
105 65 17
127 91 30
56 42 14
0 0 0
16 13 7
34 27 20
97 83 73
129 114 104
156 139 130
187 167 155
171 146 116
120 87 39
109 70 20
97 55 8
50 35 8
1 1 0
0 0 0
0 0 0
0 0 0
0 0 0
0 0 0
0 0 0
0 0 0
0 0 0
0 0 0
0 0 0
0 0 0
0 0 0
0 0 0
0 0 0
0 0 0
0 0 0
0 0 0
0 0 0
0 0 0
0 0 0
0 0 0
0 0 0
0 0 0
0 0 0
0 0 0
0 0 0
0 0 0
0 0 0
0 0 0
0 0 0
0 0 0
0 0 0
0 0 0
0 0 0
0 0 0
0 0 0
0 0 0
0 0 0
0 0 0
0 0 0
0 0 0
0 0 0
0 0 0
0 0 0
0 0 0
0 0 0
0 0 0
0 0 0
0 0 0
0 0 0
0 0 0
0 0 0
0 0 0
0 0 0
0 0 0
0 0 0
0 0 0
0 0 0
0 0 0
0 0 0
0 0 0
0 0 0
0 0 0
0 0 0
0 0 0
0 0 0
0 0 0
0 0 0
0 0 0
0 0 0
0 0 0
0 0 0
0 0 0
0 0 0
0 0 0
0 0 0
0 0 0
0 0 0
0 0 0
0 0 0
0 0 0
0 0 0
0 0 0
41 32 24
111 82 49
159 124 83
162 128 80
140 102 40
95 70 27
66 53 44
178 154 141
224 202 197
234 212 208
227 208 201
210 185 172
197 169 138
150 117 65
131 94 35
114 70 10
81 59 14
3 2 0
0 0 0
0 0 0
0 0 0
0 0 0
0 0 0
0 0 0
0 0 0
0 0 0
0 0 0
0 0 0
0 0 0
0 0 0
0 0 0
0 0 0
0 0 0
0 0 0
0 0 0
0 0 0
0 0 0
0 0 0
0 0 0
0 0 0
0 0 0
0 0 0
0 0 0
0 0 0
0 0 0
0 0 0
0 0 0
0 0 0
0 0 0
0 0 0
0 0 0
0 0 0
0 0 0
0 0 0
0 0 0
0 0 0
0 0 0
0 0 0
0 0 0
0 0 0
0 0 0
0 0 0
0 0 0
0 0 0
0 0 0
0 0 0
0 0 0
0 0 0
0 0 0
0 0 0
0 0 0
0 0 0
0 0 0
0 0 0
0 0 0
0 0 0
0 0 0
0 0 0
0 0 0
0 0 0
0 0 0
0 0 0
0 0 0
0 0 0
0 0 0
0 0 0
0 0 0
0 0 0
0 0 0
0 0 0
0 0 0
0 0 0
0 0 0
0 0 0
0 0 0
0 0 0
0 0 0
0 0 0
0 0 0
8 6 4
10 7 4
27 22 19
148 124 105
168 139 112
179 145 109
195 161 123
162 126 76
208 179 159
237 215 207
237 216 210
228 209 202
215 198 192
181 160 140
183 150 110
159 127 77
136 96 31
112 70 12
55 43 11
8 7 2
0 0 0
0 0 0
0 0 0
0 0 0
0 0 0
0 0 0
0 0 0
0 0 0
0 0 0
0 0 0
0 0 0
0 0 0
0 0 0
0 0 0
0 0 0
0 0 0
0 0 0
0 0 0
0 0 0
0 0 0
0 0 0
0 0 0
0 0 0
0 0 0
0 0 0
0 0 0
0 0 0
0 0 0
0 0 0
0 0 0
0 0 0
0 0 0
0 0 0
0 0 0
0 0 0
0 0 0
0 0 0
0 0 0
0 0 0
0 0 0
0 0 0
0 0 0
0 0 0
0 0 0
0 0 0
0 0 0
0 0 0
0 0 0
0 0 0
0 0 0
0 0 0
0 0 0
0 0 0
0 0 0
0 0 0
0 0 0
0 0 0
0 0 0
0 0 0
0 0 0
0 0 0
0 0 0
0 0 0
0 0 0
0 0 0
0 0 0
0 0 0
0 0 0
0 0 0
0 0 0
0 0 0
0 0 0
0 0 0
0 0 0
0 0 0
0 0 0
0 0 0
0 0 0
0 0 0
0 0 0
5 4 3
55 45 37
163 137 118
196 170 155
200 175 162
225 201 188
218 188 168
209 180 159
197 159 117
209 169 131
236 213 206
242 222 214
216 192 175
195 170 144
135 110 77
138 106 55
144 107 51
124 80 16
110 81 27
67 54 18
4 3 0
0 0 0
0 0 0
0 0 0
0 0 0
0 0 0
0 0 0
0 0 0
0 0 0
0 0 0
0 0 0
0 0 0
0 0 0
0 0 0
0 0 0
0 0 0
0 0 0
0 0 0
0 0 0
0 0 0
0 0 0
0 0 0
0 0 0
0 0 0
0 0 0
0 0 0
0 0 0
0 0 0
0 0 0
0 0 0
0 0 0
0 0 0
0 0 0
0 0 0
0 0 0
0 0 0
0 0 0
0 0 0
0 0 0
0 0 0
0 0 0
0 0 0
0 0 0
0 0 0
0 0 0
0 0 0
0 0 0
0 0 0
0 0 0
0 0 0
0 0 0
0 0 0
0 0 0
0 0 0
0 0 0
0 0 0
0 0 0
0 0 0
0 0 0
0 0 0
0 0 0
0 0 0
0 0 0
0 0 0
0 0 0
0 0 0
0 0 0
0 0 0
0 0 0
0 0 0
0 0 0
0 0 0
0 0 0
0 0 0
0 0 0
0 0 0
0 0 0
0 0 0
0 0 0
0 0 0
0 0 0
38 30 25
172 152 139
232 209 197
237 212 198
231 206 185
219 192 174
216 186 159
205 174 142
178 136 75
207 170 136
239 218 208
240 219 212
230 202 183
177 145 103
135 106 64
117 73 19
110 73 15
89 60 13
52 43 15
16 14 6
12 11 1
1 0 0
0 0 0
0 0 0
0 0 0
0 0 0
0 0 0
0 0 0
0 0 0
0 0 0
0 0 0
0 0 0
0 0 0
0 0 0
0 0 0
0 0 0
0 0 0
0 0 0
0 0 0
0 0 0
0 0 0
0 0 0
0 0 0
0 0 0
0 0 0
0 0 0
0 0 0
0 0 0
0 0 0
0 0 0
0 0 0
0 0 0
0 0 0
0 0 0
0 0 0
0 0 0
0 0 0
0 0 0
0 0 0
0 0 0
0 0 0
0 0 0
0 0 0
0 0 0
0 0 0
0 0 0
0 0 0
0 0 0
0 0 0
0 0 0
0 0 0
0 0 0
0 0 0
0 0 0
0 0 0
0 0 0
0 0 0
0 0 0
0 0 0
0 0 0
0 0 0
0 0 0
3 2 1
0 0 0
0 0 0
0 0 0
0 0 0
0 0 0
0 0 0
0 0 0
0 0 0
0 0 0
0 0 0
0 0 0
0 0 0
0 0 0
0 0 0
0 0 0
0 0 0
0 0 0
0 0 0
41 32 24
196 169 147
218 185 157
220 186 154
211 175 138
208 173 132
190 154 114
185 146 89
163 124 63
189 146 93
220 190 169
231 208 197
222 195 175
204 174 140
150 119 66
122 89 33
52 38 11
13 10 2
9 8 2
15 14 6
3 3 0
2 2 0
0 0 0
0 0 0
0 0 0
0 0 0
0 0 0
0 0 0
0 0 0
0 0 0
0 0 0
0 0 0
0 0 0
0 0 0
0 0 0
0 0 0
0 0 0
0 0 0
0 0 0
0 0 0
0 0 0
0 0 0
0 0 0
0 0 0
0 0 0
0 0 0
0 0 0
0 0 0
0 0 0
0 0 0
0 0 0
0 0 0
0 0 0
0 0 0
0 0 0
0 0 0
0 0 0
0 0 0
0 0 0
0 0 0
0 0 0
0 0 0
0 0 0
0 0 0
0 0 0
0 0 0
0 0 0
0 0 0
0 0 0
0 0 0
0 0 0
0 0 0
0 0 0
0 0 0
0 0 0
0 0 0
0 0 0
0 0 0
0 0 0
0 0 0
0 0 0
0 0 0
0 0 0
0 0 0
0 0 0
0 0 0
0 0 0
0 0 0
2 2 1
0 0 0
0 0 0
0 0 0
0 0 0
0 0 0
0 0 0
0 0 0
0 0 0
0 0 0
0 0 0
0 0 0
0 0 0
19 12 6
182 152 124
204 168 129
187 149 96
196 155 98
177 137 76
171 127 52
156 112 39
158 114 33
163 122 56
226 195 175
237 214 203
235 212 203
218 186 158
164 132 84
60 49 19
22 17 8
3 2 1
0 0 0
1 1 0
9 9 2
3 2 0
0 0 0
0 0 0
0 0 0
0 0 0
0 0 0
0 0 0
0 0 0
0 0 0
0 0 0
0 0 0
0 0 0
0 0 0
0 0 0
0 0 0
0 0 0
0 0 0
0 0 0
0 0 0
0 0 0
0 0 0
0 0 0
0 0 0
0 0 0
0 0 0
0 0 0
0 0 0
0 0 0
0 0 0
0 0 0
0 0 0
0 0 0
0 0 0
0 0 0
0 0 0
0 0 0
0 0 0
0 0 0
0 0 0
0 0 0
0 0 0
0 0 0
0 0 0
0 0 0
0 0 0
0 0 0
0 0 0
0 0 0
0 0 0
0 0 0
0 0 0
0 0 0
0 0 0
0 0 0
0 0 0
0 0 0
0 0 0
0 0 0
0 0 0
0 0 0
0 0 0
0 0 0
0 0 0
0 0 0
0 0 0
0 0 0
0 0 0
0 0 0
2 2 1
0 0 0
0 0 0
0 0 0
0 0 0
0 0 0
0 0 0
0 0 0
0 0 0
0 0 0
0 0 0
0 0 0
2 1 0
80 62 37
197 164 122
178 138 76
169 125 46
170 121 35
165 118 36
157 108 18
146 113 44
105 80 31
173 140 108
220 186 155
225 190 161
217 181 148
192 154 110
79 64 36
3 2 1
0 0 0
0 0 0
0 0 0
0 0 0
0 0 0
0 0 0
0 0 0
0 0 0
0 0 0
0 0 0
0 0 0
0 0 0
0 0 0
0 0 0
0 0 0
0 0 0
0 0 0
0 0 0
0 0 0
0 0 0
0 0 0
0 0 0
0 0 0
0 0 0
0 0 0
0 0 0
0 0 0
0 0 0
0 0 0
0 0 0
0 0 0
0 0 0
0 0 0
0 0 0
0 0 0
0 0 0
0 0 0
0 0 0
0 0 0
0 0 0
0 0 0
0 0 0
0 0 0
0 0 0
0 0 0
0 0 0
0 0 0
0 0 0
0 0 0
0 0 0
0 0 0
0 0 0
0 0 0
0 0 0
0 0 0
0 0 0
0 0 0
0 0 0
0 0 0
0 0 0
0 0 0
0 0 0
0 0 0
0 0 0
0 0 0
0 0 0
0 0 0
0 0 0
0 0 0
0 0 0
0 0 0
0 0 0
1 1 0
0 0 0
1 2 0
0 0 0
0 0 0
0 0 0
0 0 0
0 0 0
0 0 0
0 0 0
0 0 0
0 0 0
0 0 0
6 4 1
102 85 57
176 135 70
169 123 42
166 117 27
173 122 32
151 111 33
77 56 15
74 59 29
107 85 52
221 191 169
233 206 183
234 210 190
228 202 181
190 158 116
18 14 4
0 0 0
0 0 0
0 0 0
0 0 0
0 0 0
0 0 0
0 0 0
0 0 0
0 0 0
0 0 0
0 0 0
0 0 0
0 0 0
0 0 0
0 0 0
0 0 0
0 0 0
0 0 0
0 0 0
0 0 0
0 0 0
0 0 0
0 0 0
0 0 0
0 0 0
0 0 0
0 0 0
0 0 0
0 0 0
0 0 0
0 0 0
0 0 0
0 0 0
0 0 0
0 0 0
0 0 0
0 0 0
0 0 0
0 0 0
0 0 0
0 0 0
0 0 0
0 0 0
0 0 0
0 0 0
0 0 0
0 0 0
0 0 0
0 0 0
0 0 0
0 0 0
0 0 0
0 0 0
0 0 0
0 0 0
0 0 0
0 0 0
0 0 0
0 0 0
0 0 0
0 0 0
0 0 0
0 0 0
0 0 0
0 0 0
0 0 0
0 0 0
0 0 0
0 0 0
0 0 0
0 0 0
0 0 0
1 1 0
4 4 2
0 0 0
0 0 0
0 0 0
0 0 0
0 0 0
0 0 0
0 0 0
0 0 0
0 0 0
0 0 0
8 6 1
14 11 2
4 3 0
98 80 47
162 118 42
157 107 19
158 107 17
170 122 36
113 84 28
55 43 11
51 41 14
130 100 62
212 176 142
202 159 116
196 153 103
184 143 85
107 82 35
3 2 1
0 0 0
10 9 3
1 0 0
0 0 0
0 0 0
0 0 0
0 0 0
0 0 0
0 0 0
0 0 0
0 0 0
0 0 0
0 0 0
0 0 0
0 0 0
0 0 0
0 0 0
0 0 0
0 0 0
0 0 0
0 0 0
0 0 0
0 0 0
0 0 0
0 0 0
0 0 0
0 0 0
0 0 0
0 0 0
0 0 0
0 0 0
0 0 0
0 0 0
0 0 0
0 0 0
0 0 0
0 0 0
0 0 0
0 0 0
0 0 0
0 0 0
0 0 0
0 0 0
0 0 0
0 0 0
0 0 0
0 0 0
0 0 0
0 0 0
0 0 0
0 0 0
0 0 0
0 0 0
0 0 0
0 0 0
0 0 0
0 0 0
0 0 0
0 0 0
0 0 0
0 0 0
0 0 0
0 0 0
0 0 0
0 0 0
0 0 0
0 0 0
0 0 0
0 0 0
0 0 0
0 0 0
0 0 0
0 0 0
0 0 0
0 0 0
0 0 0
0 0 0
2 2 0
9 8 3
0 0 0
0 0 0
0 0 0
0 0 0
4 3 0
3 3 1
7 6 2
14 12 2
131 105 50
144 101 24
138 90 11
129 81 12
139 94 17
101 76 28
65 53 19
62 44 10
196 166 132
236 207 182
234 207 178
223 194 167
214 182 151
92 78 56
0 0 0
0 0 0
6 5 1
0 0 0
0 0 0
0 0 0
0 0 0
0 0 0
0 0 0
0 0 0
0 0 0
0 0 0
0 0 0
0 0 0
0 0 0
0 0 0
0 0 0
0 0 0
0 0 0
0 0 0
0 0 0
0 0 0
0 0 0
0 0 0
0 0 0
0 0 0
0 0 0
0 0 0
0 0 0
0 0 0
0 0 0
0 0 0
0 0 0
0 0 0
0 0 0
0 0 0
0 0 0
0 0 0
0 0 0
0 0 0
0 0 0
0 0 0
0 0 0
0 0 0
0 0 0
0 0 0
0 0 0
0 0 0
0 0 0
0 0 0
0 0 0
0 0 0
0 0 0
0 0 0
0 0 0
0 0 0
0 0 0
0 0 0
0 0 0
0 0 0
0 0 0
0 0 0
0 0 0
0 0 0
0 0 0
0 0 0
0 0 0
0 0 0
0 0 0
0 0 0
0 0 0
0 0 0
0 0 0
0 0 0
0 0 0
0 0 0
0 0 0
0 0 0
0 0 0
8 7 2
1 0 0
0 0 0
0 0 0
0 0 0
0 0 0
0 0 0
0 0 0
36 31 13
178 144 90
131 89 27
102 63 13
99 55 7
114 76 13
86 70 23
65 56 18
117 91 44
210 173 135
207 166 119
174 127 60
147 98 30
115 81 25
14 11 5
0 0 0
0 0 0
0 0 0
0 0 0
0 0 0
0 0 0
0 0 0
0 0 0
0 0 0
0 0 0
0 0 0
0 0 0
0 0 0
0 0 0
0 0 0
0 0 0
0 0 0
0 0 0
0 0 0
0 0 0
0 0 0
0 0 0
0 0 0
0 0 0
0 0 0
0 0 0
0 0 0
0 0 0
0 0 0
0 0 0
0 0 0
0 0 0
0 0 0
0 0 0
0 0 0
0 0 0
0 0 0
0 0 0
0 0 0
0 0 0
0 0 0
0 0 0
0 0 0
0 0 0
0 0 0
0 0 0
0 0 0
0 0 0
0 0 0
0 0 0
0 0 0
0 0 0
0 0 0
0 0 0
0 0 0
0 0 0
0 0 0
0 0 0
0 0 0
0 0 0
0 0 0
0 0 0
0 0 0
0 0 0
0 0 0
0 0 0
0 0 0
0 0 0
0 0 0
0 0 0
0 0 0
0 0 0
3 3 0
1 1 0
19 20 0
5 5 0
0 0 0
5 4 2
1 1 0
18 15 6
5 4 1
0 0 0
0 0 0
0 0 0
0 0 0
0 0 0
1 1 0
99 84 62
192 157 113
119 83 33
100 57 9
107 67 14
107 69 15
82 71 22
93 84 32
189 161 124
227 196 162
229 202 174
217 186 150
201 162 112
118 91 45
1 1 0
0 0 0
0 0 0
0 0 0
0 0 0
0 0 0
0 0 0
0 0 0
0 0 0
0 0 0
0 0 0
0 0 0
0 0 0
0 0 0
0 0 0
0 0 0
0 0 0
0 0 0
0 0 0
0 0 0
0 0 0
0 0 0
0 0 0
0 0 0
0 0 0
0 0 0
0 0 0
0 0 0
0 0 0
0 0 0
0 0 0
0 0 0
0 0 0
0 0 0
0 0 0
0 0 0
0 0 0
0 0 0
0 0 0
0 0 0
0 0 0
0 0 0
0 0 0
0 0 0
0 0 0
0 0 0
0 0 0
0 0 0
0 0 0
0 0 0
0 0 0
0 0 0
0 0 0
0 0 0
0 0 0
0 0 0
0 0 0
0 0 0
0 0 0
0 0 0
0 0 0
0 0 0
0 0 0
0 0 0
0 0 0
0 0 0
0 0 0
0 0 0
0 0 0
0 0 0
0 0 0
0 0 0
0 0 0
0 0 0
13 13 1
36 37 3
5 5 0
0 0 0
1 1 1
1 0 0
25 21 6
2 2 0
0 0 0
0 0 0
0 0 0
0 0 0
2 2 1
51 43 31
206 175 144
210 170 133
188 150 106
112 75 28
117 76 22
136 96 25
92 82 35
178 154 116
230 201 175
216 175 124
197 154 88
146 96 21
137 87 16
71 56 19
1 1 0
0 0 0
0 0 0
0 0 0
0 0 0
0 0 0
0 0 0
0 0 0
0 0 0
0 0 0
0 0 0
0 0 0
0 0 0
0 0 0
0 0 0
0 0 0
0 0 0
0 0 0
0 0 0
0 0 0
0 0 0
0 0 0
0 0 0
0 0 0
0 0 0
0 0 0
0 0 0
0 0 0
0 0 0
0 0 0
0 0 0
0 0 0
0 0 0
0 0 0
0 0 0
0 0 0
0 0 0
0 0 0
0 0 0
0 0 0
0 0 0
0 0 0
0 0 0
0 0 0
0 0 0
0 0 0
0 0 0
0 0 0
0 0 0
0 0 0
0 0 0
0 0 0
0 0 0
0 0 0
0 0 0
0 0 0
0 0 0
0 0 0
0 0 0
0 0 0
0 0 0
0 0 0
0 0 0
0 0 0
0 0 0
0 0 0
0 0 0
0 0 0
0 0 0
0 0 0
0 0 0
0 0 0
0 0 0
2 2 0
25 25 2
10 10 1
0 0 0
0 0 0
0 0 0
0 0 0
9 8 1
1 1 0
0 0 0
4 3 1
23 19 12
85 72 50
149 130 109
211 186 169
229 199 176
222 190 162
200 166 131
142 99 36
147 100 26
187 145 92
217 189 165
232 202 176
218 181 141
187 148 89
174 136 77
156 111 39
117 83 15
22 19 7
0 0 0
0 0 0
0 0 0
0 0 0
0 0 0
0 0 0
0 0 0
0 0 0
0 0 0
0 0 0
0 0 0
0 0 0
0 0 0
0 0 0
0 0 0
0 0 0
0 0 0
0 0 0
0 0 0
0 0 0
0 0 0
0 0 0
0 0 0
0 0 0
0 0 0
0 0 0
0 0 0
0 0 0
0 0 0
0 0 0
0 0 0
0 0 0
0 0 0
0 0 0
0 0 0
0 0 0
0 0 0
0 0 0
0 0 0
0 0 0
0 0 0
0 0 0
0 0 0
0 0 0
0 0 0
0 0 0
0 0 0
0 0 0
0 0 0
0 0 0
0 0 0
0 0 0
0 0 0
0 0 0
0 0 0
0 0 0
0 0 0
0 0 0
0 0 0
0 0 0
0 0 0
0 0 0
0 0 0
0 0 0
0 0 0
0 0 0
0 0 0
0 0 0
0 0 0
0 0 0
0 0 0
0 0 0
0 0 0
0 0 0
1 1 0
0 0 0
0 0 0
0 0 0
1 1 0
0 0 0
0 0 0
10 9 3
80 67 48
156 138 120
190 166 150
228 203 186
241 218 205
239 213 196
232 203 177
216 180 142
197 156 105
178 135 62
190 139 66
240 209 187
234 202 172
221 181 137
205 166 116
185 145 85
140 93 16
131 82 6
55 42 11
1 1 0
2 2 0
0 0 0
0 0 0
0 0 0
0 0 0
0 0 0
0 0 0
0 0 0
0 0 0
0 0 0
0 0 0
0 0 0
0 0 0
0 0 0
0 0 0
0 0 0
0 0 0
0 0 0
0 0 0
0 0 0
0 0 0
0 0 0
0 0 0
0 0 0
0 0 0
0 0 0
0 0 0
0 0 0
0 0 0
0 0 0
0 0 0
0 0 0
0 0 0
0 0 0
0 0 0
0 0 0
0 0 0
0 0 0
0 0 0
0 0 0
0 0 0
0 0 0
0 0 0
0 0 0
0 0 0
0 0 0
0 0 0
0 0 0
0 0 0
0 0 0
0 0 0
0 0 0
0 0 0
0 0 0
0 0 0
0 0 0
0 0 0
0 0 0
0 0 0
0 0 0
0 0 0
0 0 0
0 0 0
0 0 0
0 0 0
0 0 0
0 0 0
0 0 0
0 0 0
0 0 0
0 0 0
0 0 0
27 22 7
18 15 6
11 10 4
4 4 2
0 0 0
0 0 0
0 0 0
0 0 0
0 0 0
79 66 43
208 178 150
187 159 127
216 184 155
223 189 157
218 182 145
220 183 142
206 169 116
191 148 82
163 117 39
180 129 49
233 200 170
237 208 184
213 174 126
190 149 91
151 110 45
121 71 8
104 61 4
35 24 3
4 4 1
0 0 0
1 1 0
0 0 0
0 0 0
0 0 0
0 0 0
7 7 2
0 0 0
0 0 0
0 0 0
0 0 0
0 0 0
0 0 0
0 0 0
0 0 0
0 0 0
0 0 0
0 0 0
0 0 0
0 0 0
0 0 0
0 0 0
0 0 0
0 0 0
0 0 0
0 0 0
0 0 0
0 0 0
0 0 0
0 0 0
0 0 0
0 0 0
0 0 0
0 0 0
0 0 0
0 0 0
0 0 0
0 0 0
0 0 0
0 0 0
0 0 0
0 0 0
0 0 0
0 0 0
0 0 0
0 0 0
0 0 0
0 0 0
0 0 0
0 0 0
0 0 0
0 0 0
0 0 0
0 0 0
0 0 0
0 0 0
0 0 0
0 0 0
0 0 0
0 0 0
0 0 0
0 0 0
0 0 0
0 0 0
0 0 0
0 0 0
0 0 0
0 0 0
0 0 0
0 0 0
0 0 0
0 0 0
9 8 2
161 145 120
224 208 190
178 161 138
123 108 87
63 54 37
8 6 3
0 0 0
0 0 0
8 7 3
152 128 98
211 175 137
191 153 101
205 166 119
205 165 113
196 155 98
189 144 68
172 124 40
167 115 25
176 126 49
204 164 121
220 184 143
203 163 111
159 117 49
122 76 14
112 59 4
121 77 7
69 56 14
1 1 0
0 0 0
0 0 0
0 0 0
0 0 0
0 0 0
0 0 0
0 0 0
10 10 2
2 2 0
0 0 0
0 0 0
0 0 0
0 0 0
0 0 0
0 0 0
0 0 0
0 0 0
0 0 0
0 0 0
0 0 0
0 0 0
0 0 0
0 0 0
0 0 0
0 0 0
0 0 0
0 0 0
0 0 0
0 0 0
0 0 0
0 0 0
0 0 0
0 0 0
0 0 0
0 0 0
0 0 0
0 0 0
0 0 0
0 0 0
0 0 0
0 0 0
0 0 0
0 0 0
0 0 0
0 0 0
0 0 0
0 0 0
0 0 0
0 0 0
0 0 0
0 0 0
0 0 0
0 0 0
0 0 0
0 0 0
0 0 0
0 0 0
0 0 0
0 0 0
0 0 0
0 0 0
0 0 0
0 0 0
0 0 0
0 0 0
0 0 0
0 0 0
0 0 0
0 0 0
0 0 0
0 0 0
0 0 0
0 0 0
4 4 1
93 85 63
235 221 207
254 238 225
254 239 228
246 231 217
189 172 148
100 89 69
58 50 34
48 42 26
169 136 92
187 149 92
164 126 59
167 121 48
176 130 47
187 141 63
170 119 27
160 114 27
187 140 75
178 139 87
169 127 65
162 121 53
131 86 18
111 63 6
94 58 7
88 68 13
26 23 6
5 5 1
0 0 0
0 0 0
0 0 0
0 0 0
0 0 0
0 0 0
0 0 0
0 0 0
1 1 0
0 0 0
0 0 0
0 0 0
0 0 0
0 0 0
0 0 0
0 0 0
0 0 0
0 0 0
0 0 0
0 0 0
0 0 0
0 0 0
0 0 0
0 0 0
0 0 0
0 0 0
0 0 0
0 0 0
0 0 0
0 0 0
0 0 0
0 0 0
0 0 0
0 0 0
0 0 0
0 0 0
0 0 0
0 0 0
0 0 0
0 0 0
0 0 0
0 0 0
0 0 0
0 0 0
0 0 0
0 0 0
0 0 0
0 0 0
0 0 0
0 0 0
0 0 0
0 0 0
0 0 0
0 0 0
0 0 0
0 0 0
0 0 0
0 0 0
0 0 0
0 0 0
0 0 0
0 0 0
0 0 0
0 0 0
0 0 0
0 0 0
0 0 0
0 0 0
0 0 0
0 0 0
0 0 0
0 0 0
0 0 0
0 0 0
0 0 0
7 6 2
71 65 49
209 194 178
253 237 224
251 231 216
253 234 218
253 238 226
247 233 219
241 223 206
241 215 189
227 190 144
197 152 89
171 117 37
154 104 22
172 121 45
166 120 56
172 129 72
192 151 100
155 110 41
133 82 14
124 77 12
105 72 14
55 43 9
48 46 16
20 20 6
0 0 0
0 0 0
0 0 0
21 20 12
17 17 11
0 0 0
0 0 0
0 0 0
0 0 0
0 0 0
0 0 0
0 0 0
0 0 0
0 0 0
0 0 0
0 0 0
0 0 0
0 0 0
0 0 0
0 0 0
0 0 0
0 0 0
0 0 0
0 0 0
0 0 0
0 0 0
0 0 0
0 0 0
0 0 0
0 0 0
0 0 0
0 0 0
0 0 0
0 0 0
0 0 0
0 0 0
0 0 0
0 0 0
0 0 0
0 0 0
0 0 0
0 0 0
0 0 0
0 0 0
0 0 0
0 0 0
0 0 0
0 0 0
0 0 0
0 0 0
0 0 0
0 0 0
0 0 0
0 0 0
0 0 0
0 0 0
0 0 0
0 0 0
0 0 0
0 0 0
0 0 0
0 0 0
0 0 0
0 0 0
0 0 0
0 0 0
0 0 0
0 0 0
0 0 0
0 0 0
0 0 0
0 0 0
0 0 0
0 0 0
0 0 0
0 0 0
0 0 0
0 0 0
2 2 1
36 32 21
159 148 132
247 231 217
253 236 220
252 233 220
250 230 216
251 231 215
252 232 216
254 234 221
254 235 220
251 229 209
237 203 165
237 206 180
205 166 129
208 179 147
207 178 145
203 169 129
219 185 145
200 173 124
82 74 39
54 52 19
14 14 4
3 3 1
0 0 0
0 0 0
0 0 0
2 2 1
3 3 2
0 0 0
0 0 0
0 0 0
0 0 0
0 0 0
0 0 0
0 0 0
0 0 0
0 0 0
0 0 0
0 0 0
0 0 0
0 0 0
0 0 0
0 0 0
0 0 0
0 0 0
0 0 0
0 0 0
0 0 0
0 0 0
0 0 0
0 0 0
0 0 0
0 0 0
0 0 0
0 0 0
0 0 0
0 0 0
0 0 0
0 0 0
0 0 0
0 0 0
0 0 0
0 0 0
0 0 0
0 0 0
0 0 0
0 0 0
0 0 0
0 0 0
0 0 0
0 0 0
0 0 0
0 0 0
0 0 0
0 0 0
0 0 0
0 0 0
0 0 0
0 0 0
0 0 0
0 0 0
0 0 0
0 0 0
0 0 0
0 0 0
0 0 0
0 0 0
0 0 0
0 0 0
0 0 0
0 0 0
0 0 0
0 0 0
0 0 0
0 0 0
0 0 0
0 0 0
0 0 0
0 0 0
0 0 0
0 0 0
0 0 0
0 0 0
11 10 5
107 98 83
226 212 198
251 234 223
247 226 213
248 226 211
251 231 216
252 231 216
249 226 208
253 231 217
253 236 222
254 235 218
235 203 165
181 141 91
142 104 55
120 88 48
126 99 65
177 154 130
211 189 165
153 133 94
33 29 14
0 0 0
0 0 0
0 0 0
0 0 0
0 0 0
0 0 0
0 0 0
0 0 0
0 0 0
0 0 0
0 0 0
0 0 0
0 0 0
0 0 0
0 0 0
0 0 0
0 0 0
0 0 0
0 0 0
0 0 0
0 0 0
0 0 0
0 0 0
0 0 0
0 0 0
0 0 0
0 0 0
0 0 0
0 0 0
0 0 0
0 0 0
0 0 0
0 0 0
0 0 0
0 0 0
0 0 0
0 0 0
0 0 0
0 0 0
0 0 0
0 0 0
0 0 0
0 0 0
0 0 0
0 0 0
0 0 0
0 0 0
0 0 0
0 0 0
0 0 0
0 0 0
0 0 0
0 0 0
0 0 0
0 0 0
0 0 0
0 0 0
0 0 0
0 0 0
0 0 0
0 0 0
0 0 0
0 0 0
0 0 0
0 0 0
0 0 0
0 0 0
0 0 0
0 0 0
0 0 0
0 0 0
0 0 0
0 0 0
0 0 0
0 0 0
0 0 0
0 0 0
0 0 0
1 1 0
0 0 0
0 0 0
0 0 0
3 2 1
42 37 26
189 168 143
250 230 217
252 233 219
251 231 218
254 236 223
254 234 222
254 235 223
253 233 219
253 233 219
248 228 211
227 192 160
230 191 149
213 175 128
163 126 79
119 84 41
152 120 76
234 208 183
201 181 156
36 31 18
0 0 0
0 0 0
0 0 0
0 0 0
0 0 0
0 0 0
0 0 0
0 0 0
0 0 0
0 0 0
0 0 0
0 0 0
0 0 0
0 0 0
0 0 0
0 0 0
0 0 0
0 0 0
0 0 0
0 0 0
0 0 0
0 0 0
0 0 0
0 0 0
0 0 0
0 0 0
0 0 0
0 0 0
0 0 0
0 0 0
0 0 0
0 0 0
0 0 0
0 0 0
0 0 0
0 0 0
0 0 0
0 0 0
0 0 0
0 0 0
0 0 0
0 0 0
0 0 0
0 0 0
0 0 0
0 0 0
0 0 0
0 0 0
0 0 0
0 0 0
0 0 0
0 0 0
0 0 0
0 0 0
0 0 0
0 0 0
0 0 0
0 0 0
0 0 0
0 0 0
0 0 0
0 0 0
0 0 0
0 0 0
0 0 0
0 0 0
0 0 0
0 0 0
0 0 0
0 0 0
0 0 0
0 0 0
0 0 0
0 0 0
0 0 0
0 0 0
0 0 0
0 0 0
0 0 0
0 0 0
0 0 0
0 0 0
25 20 14
209 183 163
252 233 220
248 223 208
248 225 211
245 224 208
241 216 197
246 224 209
250 229 215
251 231 219
248 226 212
226 193 162
234 198 164
252 224 198
240 209 178
187 152 113
160 130 84
177 141 95
235 207 180
205 184 155
30 27 18
0 0 0
0 0 0
0 0 0
0 0 0
0 0 0
0 0 0
0 0 0
0 0 0
0 0 0
0 0 0
0 0 0
0 0 0
0 0 0
0 0 0
0 0 0
0 0 0
0 0 0
0 0 0
0 0 0
0 0 0
0 0 0
0 0 0
0 0 0
0 0 0
0 0 0
0 0 0
0 0 0
0 0 0
0 0 0
0 0 0
0 0 0
0 0 0
0 0 0
0 0 0
0 0 0
0 0 0
0 0 0
0 0 0
0 0 0
0 0 0
0 0 0
0 0 0
0 0 0
0 0 0
0 0 0
0 0 0
0 0 0
0 0 0
0 0 0
0 0 0
0 0 0
0 0 0
0 0 0
0 0 0
0 0 0
0 0 0
0 0 0
0 0 0
0 0 0
0 0 0
0 0 0
0 0 0
0 0 0
0 0 0
0 0 0
0 0 0
0 0 0
0 0 0
0 0 0
0 0 0
0 0 0
0 0 0
0 0 0
0 0 0
0 0 0
0 0 0
0 0 0
0 0 0
0 0 0
0 0 0
16 13 10
170 152 138
243 217 196
248 219 197
252 229 214
243 221 205
215 185 149
186 154 106
205 172 128
228 197 164
233 206 181
233 207 186
232 203 175
233 199 166
246 215 185
251 222 196
233 198 165
200 164 124
174 140 95
181 142 90
222 191 153
183 162 127
27 24 10
0 0 0
0 0 0
0 0 0
0 0 0
0 0 0
0 0 0
0 0 0
0 0 0
0 0 0
0 0 0
0 0 0
0 0 0
0 0 0
0 0 0
0 0 0
0 0 0
0 0 0
0 0 0
0 0 0
0 0 0
0 0 0
0 0 0
0 0 0
0 0 0
0 0 0
0 0 0
0 0 0
0 0 0
0 0 0
0 0 0
0 0 0
0 0 0
0 0 0
0 0 0
0 0 0
0 0 0
0 0 0
0 0 0
0 0 0
0 0 0
0 0 0
0 0 0
0 0 0
0 0 0
0 0 0
0 0 0
0 0 0
0 0 0
0 0 0
0 0 0
0 0 0
0 0 0
0 0 0
0 0 0
0 0 0
0 0 0
0 0 0
0 0 0
0 0 0
0 0 0
0 0 0
0 0 0
0 0 0
0 0 0
0 0 0
0 0 0
0 0 0
0 0 0
0 0 0
0 0 0
0 0 0
0 0 0
0 0 0
0 0 0
0 0 0
0 0 0
0 0 0
0 0 0
16 13 7
184 165 149
239 211 182
240 205 173
246 223 206
224 197 169
204 168 124
174 134 72
83 53 15
68 47 17
142 99 43
200 159 106
208 171 129
208 174 140
213 177 138
232 196 156
244 207 167
250 216 181
229 190 148
194 153 104
172 134 86
160 122 61
185 146 83
133 108 55
3 3 1
0 0 0
0 0 0
0 0 0
0 0 0
0 0 0
0 0 0
0 0 0
0 0 0
0 0 0
0 0 0
0 0 0
0 0 0
0 0 0
0 0 0
0 0 0
0 0 0
0 0 0
0 0 0
0 0 0
0 0 0
0 0 0
0 0 0
0 0 0
0 0 0
0 0 0
0 0 0
0 0 0
0 0 0
0 0 0
0 0 0
0 0 0
0 0 0
0 0 0
0 0 0
0 0 0
0 0 0
0 0 0
0 0 0
0 0 0
0 0 0
0 0 0
0 0 0
0 0 0
0 0 0
0 0 0
0 0 0
0 0 0
0 0 0
0 0 0
0 0 0
0 0 0
0 0 0
0 0 0
0 0 0
0 0 0
0 0 0
0 0 0
0 0 0
0 0 0
0 0 0
0 0 0
0 0 0
0 0 0
1 1 0
0 0 0
0 0 0
0 0 0
0 0 0
0 0 0
0 0 0
0 0 0
0 0 0
0 0 0
0 0 0
0 0 0
0 0 0
16 14 2
110 86 50
235 210 185
219 180 132
208 186 156
180 157 125
183 152 110
208 171 126
207 167 115
108 75 29
51 31 9
104 55 6
171 124 49
197 158 109
199 162 122
201 161 122
217 177 133
233 187 132
250 211 168
253 225 197
240 203 164
198 150 93
174 130 62
151 113 47
151 115 52
35 28 9
0 0 0
0 0 0
0 0 0
0 0 0
0 0 0
0 0 0
0 0 0
0 0 0
0 0 0
0 0 0
0 0 0
0 0 0
0 0 0
0 0 0
0 0 0
0 0 0
0 0 0
0 0 0
0 0 0
0 0 0
0 0 0
0 0 0
0 0 0
0 0 0
0 0 0
0 0 0
0 0 0
0 0 0
0 0 0
0 0 0
0 0 0
0 0 0
0 0 0
0 0 0
0 0 0
0 0 0
0 0 0
0 0 0
0 0 0
0 0 0
0 0 0
0 0 0
0 0 0
0 0 0
0 0 0
0 0 0
0 0 0
0 0 0
0 0 0
0 0 0
0 0 0
0 0 0
0 0 0
0 0 0
0 0 0
0 0 0
0 0 0
0 0 0
0 0 0
0 0 0
0 0 0
0 0 0
0 0 0
0 0 0
0 0 0
2 2 0
10 10 4
0 1 0
0 0 0
0 0 0
6 6 0
7 8 1
0 0 0
0 0 0
0 0 0
0 0 0
12 10 2
153 126 86
223 200 175
112 90 55
59 47 21
50 36 15
97 66 29
190 155 108
218 185 147
166 129 74
85 46 9
104 52 6
157 107 25
187 148 94
211 172 127
220 181 142
227 191 155
244 205 162
254 228 202
255 232 208
255 230 202
249 211 172
237 197 149
186 135 63
161 116 43
143 110 54
22 19 8
0 0 0
0 0 0
0 0 0
0 0 0
0 0 0
0 0 0
0 0 0
0 0 0
0 0 0
0 0 0
0 0 0
0 0 0
0 0 0
0 0 0
0 0 0
0 0 0
0 0 0
0 0 0
0 0 0
0 0 0
0 0 0
0 0 0
0 0 0
0 0 0
0 0 0
0 0 0
0 0 0
0 0 0
0 0 0
0 0 0
0 0 0
0 0 0
0 0 0
0 0 0
0 0 0
0 0 0
0 0 0
0 0 0
0 0 0
0 0 0
0 0 0
0 0 0
0 0 0
0 0 0
0 0 0
0 0 0
0 0 0
0 0 0
0 0 0
0 0 0
0 0 0
0 0 0
0 0 0
0 0 0
0 0 0
0 0 0
0 0 0
0 0 0
0 0 0
0 0 0
0 0 0
0 0 0
0 0 0
0 0 0
2 2 1
20 20 8
0 0 0
0 0 0
1 1 0
19 20 1
23 25 2
3 3 0
6 6 2
1 1 0
0 0 0
32 24 11
196 168 147
187 161 122
54 37 17
56 39 13
59 36 11
77 44 17
182 142 103
221 191 163
184 145 91
137 84 13
143 89 10
155 100 15
185 139 72
200 159 110
223 189 155
247 222 205
255 239 222
255 237 218
255 234 212
255 227 199
253 217 178
253 214 171
248 208 162
233 185 126
219 169 108
126 101 61
2 1 0
0 0 0
0 0 0
0 0 0
0 0 0
0 0 0
0 0 0
0 0 0
0 0 0
0 0 0
0 0 0
0 0 0
0 0 0
0 0 0
0 0 0
0 0 0
0 0 0
0 0 0
0 0 0
0 0 0
0 0 0
0 0 0
0 0 0
0 0 0
0 0 0
0 0 0
0 0 0
0 0 0
0 0 0
0 0 0
0 0 0
0 0 0
0 0 0
0 0 0
0 0 0
0 0 0
0 0 0
0 0 0
0 0 0
0 0 0
0 0 0
0 0 0
0 0 0
0 0 0
0 0 0
0 0 0
0 0 0
0 0 0
0 0 0
0 0 0
0 0 0
0 0 0
0 0 0
0 0 0
0 0 0
0 0 0
0 0 0
0 0 0
0 0 0
0 0 0
0 0 0
0 0 0
0 0 0
0 0 0
0 0 0
0 0 0
0 0 0
12 12 2
27 27 4
2 2 0
1 1 0
0 0 0
1 1 0
3 3 1
45 34 17
106 74 33
194 168 139
186 156 118
125 89 48
66 43 11
79 46 11
150 107 62
220 189 162
231 203 180
210 173 129
153 102 18
165 115 26
147 98 18
182 133 60
209 170 124
223 188 157
249 226 209
255 238 219
255 231 208
255 229 204
254 222 191
250 209 162
252 211 163
251 211 167
244 201 153
243 198 150
233 194 148
69 55 31
0 0 0
0 0 0
0 0 0
2 2 1
11 11 3
0 0 0
0 0 0
0 0 0
0 0 0
0 0 0
0 0 0
0 0 0
0 0 0
0 0 0
0 0 0
0 0 0
0 0 0
0 0 0
0 0 0
0 0 0
0 0 0
0 0 0
0 0 0
0 0 0
0 0 0
0 0 0
0 0 0
0 0 0
0 0 0
0 0 0
0 0 0
0 0 0
0 0 0
0 0 0
0 0 0
0 0 0
0 0 0
0 0 0
0 0 0
0 0 0
0 0 0
0 0 0
0 0 0
0 0 0
0 0 0
0 0 0
0 0 0
0 0 0
0 0 0
0 0 0
0 0 0
0 0 0
0 0 0
0 0 0
0 0 0
0 0 0
0 0 0
0 0 0
0 0 0
0 0 0
0 0 0
0 0 0
0 0 0
4 4 0
33 36 3
17 18 2
35 34 4
14 14 1
0 0 0
0 0 0
0 0 0
2 2 1
54 36 15
106 73 31
84 51 15
123 84 33
195 152 101
212 178 142
174 131 62
201 161 111
226 194 162
233 206 183
237 210 189
214 182 145
147 98 23
145 99 22
130 85 20
170 122 48
210 165 112
240 205 175
255 234 213
255 235 213
255 228 205
252 221 196
251 215 179
251 209 162
254 218 177
250 212 166
240 194 142
243 197 148
245 201 152
213 179 138
38 31 16
0 0 0
2 2 0
1 1 0
1 1 0
0 0 0
0 0 0
0 0 0
0 0 0
1 1 0
0 0 0
0 0 0
0 0 0
0 0 0
0 0 0
0 0 0
0 0 0
0 0 0
0 0 0
0 0 0
0 0 0
0 0 0
0 0 0
0 0 0
0 0 0
0 0 0
0 0 0
0 0 0
0 0 0
0 0 0
0 0 0
0 0 0
0 0 0
0 0 0
0 0 0
0 0 0
0 0 0
0 0 0
0 0 0
0 0 0
0 0 0
0 0 0
0 0 0
0 0 0
0 0 0
0 0 0
0 0 0
0 0 0
0 0 0
0 0 0
0 0 0
0 0 0
0 0 0
0 0 0
0 0 0
0 0 0
0 0 0
0 0 0
0 0 0
0 0 0
0 0 0
0 0 0
0 0 0
3 3 0
24 27 2
7 8 0
14 13 0
1 1 0
0 0 0
0 0 0
2 2 0
49 33 10
102 62 17
96 58 14
78 48 11
74 44 10
189 154 121
221 197 175
192 152 100
208 173 138
223 194 169
232 207 186
233 206 189
204 170 127
145 97 25
128 81 18
122 71 16
192 142 85
232 190 150
253 226 202
254 227 200
252 223 194
247 214 182
238 199 164
246 208 169
249 210 169
253 217 177
249 207 160
242 197 145
243 198 148
244 197 147
245 203 158
183 151 107
30 24 10
5 5 1
6 6 2
0 0 0
0 0 0
0 0 0
0 0 0
0 0 0
0 0 0
0 0 0
0 0 0
0 0 0
0 0 0
0 0 0
0 0 0
0 0 0
0 0 0
0 0 0
0 0 0
0 0 0
0 0 0
0 0 0
0 0 0
0 0 0
0 0 0
0 0 0
0 0 0
0 0 0
0 0 0
0 0 0
0 0 0
0 0 0
0 0 0
0 0 0
0 0 0
0 0 0
0 0 0
0 0 0
0 0 0
0 0 0
0 0 0
0 0 0
0 0 0
0 0 0
0 0 0
0 0 0
0 0 0
0 0 0
0 0 0
0 0 0
0 0 0
0 0 0
0 0 0
0 0 0
0 0 0
0 0 0
0 0 0
0 0 0
0 0 0
0 0 0
0 0 0
0 0 0
0 0 0
0 0 0
1 1 0
23 22 1
3 3 0
8 7 2
25 19 6
95 65 20
140 94 28
120 76 18
89 52 14
71 44 12
60 38 9
178 142 98
217 192 170
214 184 159
221 192 168
227 199 177
229 205 184
227 199 175
195 154 100
154 105 28
116 66 12
165 113 47
223 180 134
236 196 158
245 210 178
244 210 173
238 202 166
223 180 133
219 172 125
226 181 136
241 200 158
250 211 169
248 205 159
246 202 154
243 197 144
245 200 148
244 196 141
242 196 142
202 168 124
32 26 11
0 0 0
0 0 0
0 0 0
0 0 0
0 0 0
0 0 0
0 0 0
0 0 0
0 0 0
0 0 0
0 0 0
0 0 0
0 0 0
0 0 0
0 0 0
0 0 0
0 0 0
0 0 0
0 0 0
0 0 0
0 0 0
0 0 0
0 0 0
0 0 0
0 0 0
0 0 0
0 0 0
0 0 0
0 0 0
0 0 0
0 0 0
0 0 0
0 0 0
0 0 0
0 0 0
0 0 0
0 0 0
0 0 0
0 0 0
0 0 0
0 0 0
0 0 0
0 0 0
0 0 0
0 0 0
0 0 0
0 0 0
0 0 0
0 0 0
0 0 0
0 0 0
0 0 0
0 0 0
0 0 0
0 0 0
0 0 0
0 0 0
0 0 0
0 0 0
0 0 0
0 0 0
0 0 0
1 1 0
34 28 3
60 45 13
88 64 24
148 106 43
142 92 23
148 98 19
119 72 17
78 45 11
55 38 10
47 34 9
80 52 15
169 131 83
219 189 161
229 201 180
228 201 181
225 196 170
217 180 138
191 139 58
178 126 38
171 116 41
189 136 66
217 171 120
223 176 129
233 190 146
197 149 85
199 148 87
187 135 65
212 165 119
211 161 116
230 180 132
246 203 157
248 206 161
247 204 160
248 205 160
249 207 162
246 200 151
247 202 148
243 198 147
190 159 112
32 27 12
0 0 0
0 0 0
0 0 0
0 0 0
0 0 0
0 0 0
0 0 0
0 0 0
0 0 0
0 0 0
0 0 0
0 0 0
0 0 0
0 0 0
0 0 0
0 0 0
0 0 0
0 0 0
0 0 0
0 0 0
0 0 0
0 0 0
0 0 0
0 0 0
0 0 0
0 0 0
0 0 0
0 0 0
0 0 0
0 0 0
0 0 0
0 0 0
0 0 0
0 0 0
0 0 0
0 0 0
0 0 0
0 0 0
0 0 0
0 0 0
0 0 0
0 0 0
0 0 0
0 0 0
0 0 0
0 0 0
0 0 0
0 0 0
0 0 0
0 0 0
0 0 0
0 0 0
0 0 0
0 0 0
0 0 0
0 0 0
0 0 0
0 0 0
0 0 0
0 0 0
0 0 0
9 7 4
124 94 52
161 116 53
143 96 29
148 97 24
149 100 28
128 78 12
115 69 13
79 47 14
58 39 12
30 25 6
36 24 7
116 72 19
193 150 90
218 184 147
225 188 151
221 183 138
209 162 102
197 143 59
219 166 93
223 174 119
208 157 96
211 161 106
217 167 115
225 179 131
163 114 42
172 123 55
175 125 55
194 144 88
211 160 116
223 174 130
232 183 130
246 207 168
247 204 158
252 213 172
250 209 167
247 204 155
248 205 154
244 198 147
238 193 139
155 125 81
3 2 0
0 0 0
0 0 0
0 0 0
0 0 0
0 0 0
0 0 0
0 0 0
0 0 0
0 0 0
0 0 0
0 0 0
0 0 0
0 0 0
0 0 0
0 0 0
0 0 0
0 0 0
0 0 0
0 0 0
0 0 0
0 0 0
0 0 0
0 0 0
0 0 0
0 0 0
0 0 0
0 0 0
0 0 0
0 0 0
0 0 0
0 0 0
0 0 0
0 0 0
0 0 0
0 0 0
0 0 0
0 0 0
0 0 0
0 0 0
0 0 0
0 0 0
0 0 0
0 0 0
0 0 0
0 0 0
0 0 0
0 0 0
0 0 0
0 0 0
0 0 0
0 0 0
0 0 0
0 0 0
0 0 0
0 0 0
0 0 0
0 0 0
0 0 0
7 6 2
58 49 30
170 142 107
192 144 82
163 113 39
168 116 34
169 119 40
138 89 23
130 83 21
102 61 17
103 68 25
113 82 32
36 25 5
57 32 6
120 75 20
180 137 75
198 152 85
210 167 114
211 164 105
202 151 76
203 147 67
241 198 152
230 184 133
221 174 122
216 169 117
211 160 107
220 173 121
175 125 59
153 101 24
164 113 43
197 148 92
205 156 105
218 172 131
226 177 130
247 204 163
250 207 161
252 213 170
251 211 169
249 207 163
246 202 153
242 193 141
239 186 125
230 182 126
87 70 41
0 0 0
0 0 0
0 0 0
0 0 0
2 2 1
4 4 1
0 0 0
0 0 0
0 0 0
0 0 0
0 0 0
0 0 0
0 0 0
0 0 0
0 0 0
0 0 0
0 0 0
0 0 0
0 0 0
0 0 0
0 0 0
0 0 0
0 0 0
0 0 0
0 0 0
0 0 0
0 0 0
0 0 0
0 0 0
0 0 0
0 0 0
0 0 0
0 0 0
0 0 0
0 0 0
0 0 0
0 0 0
0 0 0
0 0 0
0 0 0
0 0 0
0 0 0
0 0 0
0 0 0
0 0 0
0 0 0
0 0 0
0 0 0
0 0 0
0 0 0
0 0 0
0 0 0
0 0 0
0 0 0
0 0 0
0 0 0
3 2 0
8 7 0
74 63 43
225 202 184
244 220 204
237 207 176
167 119 47
143 97 27
153 107 35
131 85 22
117 73 21
106 64 21
141 105 60
136 104 57
66 42 10
115 78 26
139 104 44
165 127 67
186 146 97
187 143 82
194 144 69
195 142 60
222 173 112
230 184 132
228 182 131
216 165 109
223 178 130
209 159 105
214 167 118
185 140 78
156 107 30
162 112 45
188 141 83
172 124 54
194 145 92
216 166 115
236 190 142
249 209 170
250 209 167
253 215 178
254 218 182
249 205 158
246 199 147
247 199 145
240 187 123
222 174 116
57 45 26
1 0 0
0 0 0
0 0 0
0 0 0
0 0 0
0 0 0
0 0 0
0 0 0
0 0 0
0 0 0
0 0 0
0 0 0
0 0 0
0 0 0
0 0 0
1 1 0
2 1 0
0 0 0
1 0 0
4 3 0
10 6 0
31 16 0
61 34 1
56 29 0
56 30 1
58 29 1
55 29 1
40 20 0
39 23 1
57 36 3
59 40 4
25 17 0
9 7 0
9 7 0
7 5 0
2 2 0
1 1 0
5 5 0
0 0 0
0 0 0
0 0 0
0 0 0
0 0 0
0 0 0
0 0 0
0 0 0
0 0 0
0 0 0
0 0 0
0 0 0
0 0 0
0 0 0
0 0 0
0 0 0
0 0 0
1 1 0
52 46 19
179 156 130
212 183 158
239 213 195
199 163 114
151 105 34
157 109 38
148 103 35
138 98 35
143 103 46
136 97 41
128 97 50
80 53 20
78 48 12
110 72 22
123 85 32
139 102 40
145 109 50
153 109 30
163 116 31
190 137 58
215 168 111
212 161 98
222 175 121
216 166 107
217 172 123
202 154 92
186 136 66
164 115 40
143 92 20
151 103 36
167 122 60
168 118 47
167 112 34
188 131 48
221 166 103
238 190 138
248 206 160
254 218 182
255 222 192
254 216 175
251 206 161
247 201 150
243 193 134
236 180 107
213 163 98
139 106 52
55 40 3
5 4 0
0 0 0
0 0 0
0 0 0
0 0 0
0 0 0
0 0 0
0 0 0
0 0 0
0 0 0
0 0 0
0 0 0
0 0 0
18 15 1
80 64 4
59 42 3
103 62 4
127 71 3
138 74 1
146 77 3
156 87 6
160 94 12
167 101 16
161 96 15
159 95 16
158 93 12
159 93 11
153 87 6
145 77 7
132 65 4
114 56 2
127 71 6
116 67 6
92 56 6
75 46 5
81 53 7
53 32 5
48 30 4
51 35 6
0 0 0
0 0 0
0 0 0
0 0 0
0 0 0
0 0 0
0 0 0
0 0 0
0 0 0
0 0 0
0 0 0
0 0 0
0 0 0
0 0 0
0 0 0
22 19 7
99 64 27
215 181 152
214 176 133
178 125 47
195 141 68
186 133 58
176 131 71
152 109 47
171 128 74
171 135 93
96 67 31
77 46 12
97 57 12
109 67 16
113 68 17
108 66 14
103 56 11
107 62 13
97 55 9
155 103 25
180 127 44
186 132 49
203 152 86
196 145 79
189 140 69
188 139 69
156 105 28
136 87 20
119 65 9
144 95 27
151 106 40
162 113 44
170 117 38
192 134 53
224 171 110
241 193 142
248 206 164
254 216 180
255 220 187
255 221 187
252 209 165
249 202 152
245 193 132
239 183 112
231 169 93
229 170 95
214 163 87
112 85 26
7 6 1
0 0 0
0 0 0
0 0 0
3 3 0
3 2 0
0 0 0
0 0 0
0 0 0
3 3 0
5 3 0
34 22 1
130 84 5
150 86 3
161 94 5
162 90 6
162 93 9
171 106 21
176 112 29
179 116 31
178 115 41
180 120 50
183 121 45
190 129 53
190 128 54
182 120 44
180 117 38
168 104 27
165 101 24
170 109 35
174 115 43
163 104 40
155 97 33
161 103 40
167 112 48
174 121 65
180 126 68
179 125 63
0 0 0
0 0 0
0 0 0
0 0 0
0 0 0
0 0 0
0 0 0
0 0 0
0 0 0
0 0 0
0 0 0
0 0 0
0 0 0
0 0 0
0 0 0
18 14 8
198 171 147
241 219 205
227 193 161
211 155 75
229 177 111
239 196 150
225 185 146
211 167 125
221 181 144
161 127 84
99 54 12
105 58 9
114 62 7
125 74 10
125 75 12
124 73 9
124 74 12
114 64 8
113 62 8
124 72 8
138 85 10
152 99 11
167 115 27
162 111 27
153 102 21
147 97 21
124 73 11
102 53 7
97 47 6
124 68 12
138 90 26
162 111 38
172 119 43
195 139 70
226 176 123
238 191 140
246 203 162
253 215 180
253 212 174
253 217 182
251 209 163
247 196 142
246 197 143
243 188 124
241 184 117
232 169 87
230 168 83
224 167 92
163 125 64
62 50 16
16 14 2
1 1 0
0 0 0
11 10 0
18 14 0
11 7 0
46 27 0
103 54 2
129 70 1
165 101 5
179 109 10
166 94 8
181 114 18
181 113 24
186 122 43
191 128 53
192 131 62
197 135 71
204 144 82
208 148 85
213 155 97
212 151 89
210 151 95
200 140 80
198 140 83
196 138 81
198 140 83
197 140 90
204 151 105
206 154 115
198 147 95
196 142 86
197 142 84
187 129 63
191 129 50
201 142 76
0 0 0
0 0 0
0 0 0
0 0 0
0 0 0
0 0 0
0 0 0
0 0 0
0 0 0
0 0 0
0 0 0
0 0 0
0 0 0
0 0 0
0 0 0
30 25 15
196 170 143
215 186 160
221 195 172
228 198 168
236 202 169
240 205 167
245 220 199
245 219 201
226 191 152
157 109 35
132 79 10
138 83 8
148 96 13
151 99 9
146 96 11
146 95 10
135 86 9
121 69 6
120 66 8
125 74 9
115 60 5
142 86 5
142 88 6
134 83 9
129 73 6
118 65 5
103 51 5
79 40 5
82 39 4
111 57 7
130 76 12
154 103 27
156 103 29
189 135 65
218 164 102
229 177 122
237 189 140
250 212 177
249 210 173
252 214 179
246 197 144
248 201 148
245 197 141
244 193 138
244 193 132
230 168 88
224 161 75
217 151 54
213 148 49
206 144 46
174 121 25
131 88 11
91 59 3
93 55 2
127 75 5
127 63 2
131 62 1
144 71 3
160 90 4
172 104 11
182 113 21
195 130 48
202 140 72
208 147 90
215 156 98
217 158 104
220 163 112
223 168 122
224 167 117
221 166 120
220 164 115
227 173 127
224 170 123
214 159 112
205 150 101
211 160 118
214 163 122
207 154 108
209 156 111
206 150 99
202 146 92
201 146 87
202 143 82
200 139 75
210 151 92
208 147 80
0 0 0
0 0 0
0 0 0
0 0 0
0 0 0
0 0 0
0 0 0
0 0 0
0 0 0
0 0 0
0 0 0
0 0 0
0 0 0
0 0 0
0 0 0
10 9 4
102 86 56
174 141 87
151 109 40
186 138 54
170 133 87
162 130 87
185 160 136
241 216 197
238 211 187
220 176 117
198 145 60
180 123 24
169 112 12
156 104 10
122 67 5
130 74 4
135 79 5
120 65 4
103 50 3
102 50 4
106 52 3
124 70 3
126 70 4
95 47 5
95 48 4
98 49 5
98 48 5
78 37 4
85 41 4
101 48 5
121 66 9
150 101 25
147 92 14
173 120 42
204 151 84
199 142 67
220 163 99
241 196 149
242 198 155
243 201 158
244 196 145
250 211 173
245 195 140
246 196 140
245 196 140
227 165 84
216 148 45
208 141 43
199 133 34
183 118 19
150 81 4
165 95 4
143 76 3
133 65 3
131 62 2
125 59 4
141 71 2
162 94 8
181 115 18
193 126 33
206 142 67
215 155 94
231 177 128
237 187 140
233 181 132
232 180 134
232 180 133
228 172 122
224 164 103
219 159 95
221 167 117
223 167 115
218 161 109
210 152 98
211 152 93
211 155 99
203 146 90
200 142 76
202 142 74
205 144 77
208 150 94
209 151 93
208 148 88
214 156 100
203 139 65
210 147 77
0 0 0
0 0 0
0 0 0
0 0 0
0 0 0
0 0 0
0 0 0
0 0 0
0 0 0
0 0 0
0 0 0
0 0 0
0 0 0
0 0 0
0 0 0
0 0 0
8 6 2
140 115 75
201 160 95
115 92 59
92 76 57
135 113 88
201 171 139
237 207 176
240 210 179
240 210 181
238 205 170
233 193 146
216 169 97
189 136 48
162 103 20
149 89 6
148 88 4
129 71 3
96 44 2
84 39 2
86 39 2
92 43 3
90 42 1
79 37 2
78 38 3
91 45 4
131 81 17
119 67 7
107 55 5
94 43 4
120 65 9
149 99 25
148 96 18
166 113 37
183 131 56
168 110 26
207 150 77
230 178 122
232 185 138
228 174 120
247 208 174
236 187 139
247 203 160
246 202 158
238 186 125
231 172 102
224 161 74
199 132 32
188 121 26
159 93 9
151 76 1
146 76 2
129 62 5
120 53 3
141 76 6
132 65 5
167 101 15
195 129 43
210 146 71
219 159 88
226 168 110
234 178 126
238 188 137
237 188 141
231 177 129
231 178 127
226 168 108
224 164 98
221 160 94
217 158 101
219 164 115
217 158 101
208 149 85
208 148 86
210 153 99
205 147 86
207 147 81
203 142 76
209 149 84
211 152 94
207 148 88
210 153 97
207 149 91
213 152 91
215 155 92
224 165 103
0 0 0
0 0 0
1 1 0
3 3 1
0 0 0
0 0 0
0 0 0
0 0 0
0 0 0
0 0 0
1 1 0
0 0 0
0 0 0
0 0 0
0 0 0
0 0 0
1 1 0
107 89 58
145 122 90
171 143 110
209 177 144
181 154 126
168 142 113
230 197 162
234 206 175
228 202 172
236 210 183
240 212 187
237 209 183
233 203 173
233 201 164
231 192 144
218 170 106
199 144 62
190 133 51
178 121 52
143 90 24
91 53 4
25 15 1
27 16 2
107 59 6
117 66 8
135 87 23
148 101 32
144 95 25
109 54 5
120 62 7
141 89 20
150 102 26
148 96 23
156 105 27
160 105 23
190 134 56
211 156 89
205 145 72
230 177 126
235 190 149
234 185 138
244 202 165
234 188 142
221 159 88
229 171 109
225 166 96
209 142 45
177 113 19
154 80 3
186 115 11
152 82 4
132 63 4
140 72 6
161 98 20
168 104 18
192 125 37
214 151 77
222 161 91
226 166 102
231 174 116
237 185 134
233 180 128
224 168 119
233 178 130
232 179 129
226 167 108
220 162 102
215 157 98
215 158 100
214 154 91
211 151 92
202 144 85
199 140 78
199 139 68
205 146 79
206 146 77
208 147 79
222 163 103
211 154 92
204 144 74
206 146 86
204 144 77
219 160 97
219 159 100
224 165 106
0 0 0
0 0 0
1 1 0
4 4 1
0 0 0
0 0 0
0 0 0
0 0 0
0 0 0
0 0 0
0 0 0
0 0 0
0 0 0
0 0 0
0 0 0
0 0 0
0 0 0
73 61 29
111 94 56
151 130 95
156 135 96
178 153 112
202 174 136
152 133 102
60 52 32
36 32 18
58 52 33
78 70 50
87 79 62
97 88 67
109 99 68
107 97 69
121 109 79
127 113 79
106 93 64
67 57 36
36 30 16
6 4 1
1 1 0
4 4 1
34 23 3
111 69 11
128 75 19
171 124 67
183 137 76
131 82 16
117 62 5
128 76 13
139 90 17
126 73 10
140 87 13
154 101 22
171 116 32
176 119 33
203 139 52
223 169 107
212 154 89
235 191 150
233 188 151
217 162 109
228 173 121
219 163 96
212 151 76
210 150 78
156 86 9
206 137 43
194 127 29
166 99 9
151 84 7
164 102 19
173 113 32
193 127 37
213 148 62
223 162 89
225 165 99
228 170 105
230 169 100
229 172 114
223 167 112
223 165 112
227 172 117
221 163 101
217 158 91
207 147 77
209 148 77
213 152 87
211 153 83
201 140 61
186 125 45
201 137 59
210 147 71
206 144 69
212 149 79
221 161 98
224 166 111
208 147 84
211 151 83
207 148 88
206 147 82
219 159 96
224 164 98
231 174 113
0 0 0
0 0 0
0 0 0
0 0 0
0 0 0
0 0 0
0 0 0
0 0 0
0 0 0
0 0 0
0 0 0
0 0 0
0 0 0
0 0 0
0 0 0
0 0 0
2 2 0
18 14 3
6 5 1
16 14 8
11 10 5
12 10 2
25 21 8
9 8 3
0 0 0
0 0 0
0 0 0
0 0 0
2 2 0
7 7 1
8 7 2
2 2 0
3 3 0
8 7 2
4 3 0
0 0 0
0 0 0
3 2 0
0 0 0
0 0 0
1 1 0
50 29 3
119 68 13
158 112 55
185 140 82
161 112 38
105 55 6
117 61 5
129 78 12
117 63 7
122 67 7
145 94 17
163 110 30
169 111 32
217 163 101
200 140 60
216 158 94
227 177 133
206 154 102
220 166 119
220 168 121
210 153 88
212 152 88
180 118 42
194 126 47
210 147 63
186 118 25
167 100 13
162 98 16
171 112 27
186 123 34
215 150 66
223 159 80
223 163 89
223 161 87
223 159 80
230 171 101
223 164 97
219 161 102
216 160 101
211 153 82
209 149 81
205 145 74
198 137 60
210 151 85
205 147 79
189 127 42
200 135 55
199 137 60
203 139 64
208 147 75
208 147 78
224 169 113
233 181 126
227 175 124
219 164 108
221 168 117
223 171 124
225 172 123
225 171 117
235 185 136
235 186 137
0 0 0
0 0 0
0 0 0
0 0 0
0 0 0
0 0 0
0 0 0
0 0 0
0 0 0
0 0 0
0 0 0
0 0 0
0 0 0
0 0 0
0 0 0
0 0 0
0 0 0
0 0 0
0 0 0
0 0 0
0 0 0
0 0 0
0 0 0
0 0 0
0 0 0
0 0 0
0 0 0
0 0 0
0 0 0
0 0 0
0 0 0
0 0 0
0 0 0
0 0 0
0 0 0
0 0 0
0 0 0
0 0 0
0 0 0
0 0 0
0 0 0
29 16 0
94 47 6
135 87 24
151 105 38
151 102 26
109 56 4
108 53 4
119 68 8
128 78 12
118 63 6
141 88 19
155 104 27
175 120 43
218 171 122
190 131 52
213 157 98
204 150 83
194 134 64
223 175 137
204 151 102
214 161 114
212 160 112
172 108 26
215 154 79
190 125 39
186 121 33
173 113 26
175 115 32
182 120 35
210 145 61
228 167 101
227 168 95
228 169 98
224 164 94
227 169 102
235 183 130
233 179 126
222 166 105
219 165 111
203 146 75
215 156 92
205 147 81
205 147 75
198 137 57
196 136 58
207 148 80
213 156 93
222 168 114
224 171 113
223 171 116
223 171 121
235 192 154
237 194 157
228 178 131
221 170 120
217 167 121
220 168 121
227 177 129
224 172 122
232 183 137
230 179 131
0 0 0
0 0 0
0 0 0
0 0 0
0 0 0
0 0 0
0 0 0
0 0 0
0 0 0
0 0 0
0 0 0
0 0 0
0 0 0
0 0 0
0 0 0
0 0 0
0 0 0
0 0 0
0 0 0
0 0 0
0 0 0
0 0 0
0 0 0
0 0 0
0 0 0
0 0 0
0 0 0
0 0 0
0 0 0
0 0 0
0 0 0
0 0 0
0 0 0
0 0 0
0 0 0
0 0 0
0 0 0
0 0 0
0 0 0
0 0 0
0 0 0
12 8 0
59 28 1
105 55 7
120 69 12
138 89 19
125 75 9
97 45 3
122 68 7
139 90 20
125 71 7
148 96 23
156 104 25
165 112 36
192 141 82
188 131 58
205 151 92
182 125 46
204 146 82
212 163 121
208 155 108
216 166 124
199 148 99
201 141 77
206 147 80
200 137 69
191 129 47
181 118 31
176 114 34
194 130 44
225 166 102
232 175 112
231 172 102
237 183 123
229 170 103
231 177 120
233 183 137
230 177 126
217 163 108
210 155 94
199 142 72
224 171 117
219 164 106
224 174 120
211 155 94
213 161 105
221 172 125
225 175 126
237 193 154
238 195 154
226 179 132
217 166 116
228 182 139
229 182 138
224 174 125
219 169 119
210 158 99
206 150 89
223 169 111
224 171 119
227 174 122
224 169 111
0 0 0
0 0 0
0 0 0
0 0 0
0 0 0
0 0 0
0 0 0
0 0 0
0 0 0
0 0 0
0 0 0
0 0 0
0 0 0
0 0 0
0 0 0
0 0 0
0 0 0
0 0 0
0 0 0
0 0 0
0 0 0
0 0 0
0 0 0
0 0 0
0 0 0
0 0 0
0 0 0
0 0 0
0 0 0
0 0 0
0 0 0
0 0 0
0 0 0
0 0 0
0 0 0
0 0 0
0 0 0
0 0 0
0 0 0
0 0 0
0 0 0
0 0 0
15 7 0
66 32 1
81 39 3
114 61 7
119 68 8
104 48 3
127 73 8
137 87 20
120 64 6
141 88 20
141 87 16
158 106 31
172 119 47
196 143 83
203 152 95
175 116 35
209 157 106
200 149 94
221 176 139
207 160 119
177 125 65
208 153 99
194 137 74
197 142 87
176 117 38
167 107 24
178 115 29
213 152 76
226 170 112
236 183 126
238 186 125
233 179 119
229 171 108
229 177 127
223 169 113
224 171 117
212 155 92
206 153 91
198 142 78
223 173 126
229 181 135
225 177 128
221 170 118
225 175 129
221 170 119
224 175 130
233 189 148
236 192 150
216 165 112
198 142 74
211 156 95
217 163 111
218 166 112
203 148 89
198 141 69
194 132 51
215 154 83
222 166 109
214 157 94
218 161 97
0 0 0
0 0 0
0 0 0
0 0 0
0 0 0
0 0 0
0 0 0
0 0 0
0 0 0
0 0 0
0 0 0
0 0 0
0 0 0
0 0 0
0 0 0
0 0 0
0 0 0
0 0 0
0 0 0
0 0 0
0 0 0
0 0 0
0 0 0
0 0 0
0 0 0
0 0 0
0 0 0
0 0 0
0 0 0
0 0 0
0 0 0
0 0 0
0 0 0
0 0 0
0 0 0
0 0 0
0 0 0
0 0 0
0 0 0
0 0 0
0 0 0
0 0 0
2 1 0
29 15 0
72 34 1
87 41 3
103 52 4
101 47 3
122 67 4
121 64 8
129 73 7
139 87 12
143 90 17
151 100 28
158 109 38
185 134 72
184 132 59
187 130 66
200 153 105
195 140 83
216 169 131
187 139 86
170 116 60
202 151 100
192 138 87
185 130 67
166 106 25
165 103 20
190 130 45
209 149 78
227 172 120
237 189 138
234 183 125
228 171 109
226 170 110
208 153 89
212 155 99
224 172 121
216 164 111
214 163 111
200 144 87
219 172 127
214 162 110
202 149 85
208 155 96
213 161 107
211 159 105
210 157 99
214 163 106
217 165 112
207 152 86
199 141 75
203 147 85
213 160 106
211 155 87
186 127 47
192 130 46
203 139 54
215 153 80
222 164 100
215 158 94
205 143 67
0 0 0
0 0 0
0 0 0
0 0 0
0 0 0
0 0 0
0 0 0
0 0 0
0 0 0
0 0 0
0 0 0
0 0 0
0 0 0
0 0 0
0 0 0
0 0 0
0 0 0
0 0 0
0 0 0
0 0 0
0 0 0
0 0 0
0 0 0
0 0 0
0 0 0
0 0 0
0 0 0
0 0 0
0 0 0
0 0 0
0 0 0
0 0 0
0 0 0
0 0 0
0 0 0
0 0 0
0 0 0
0 0 0
0 0 0
0 0 0
0 0 0
0 0 0
0 0 0
8 5 0
37 20 0
75 36 2
77 36 2
84 39 3
95 45 2
104 49 4
114 58 6
139 85 10
126 72 12
149 97 24
152 101 26
171 120 46
171 120 47
184 132 63
182 132 70
197 147 94
193 143 92
169 119 53
188 135 76
182 132 74
188 138 89
176 121 53
175 113 30
195 133 53
197 139 64
198 141 74
220 166 111
230 179 126
222 164 102
221 167 110
214 160 96
182 125 46
184 125 51
218 164 106
223 171 121
211 160 104
204 151 94
206 154 96
195 139 69
184 127 44
195 140 72
204 148 83
203 147 80
211 157 94
209 152 85
204 147 79
207 153 88
203 147 74
190 131 54
203 144 70
215 159 93
190 130 47
190 129 43
195 132 47
206 143 58
221 162 91
218 159 89
210 148 75
0 0 0
0 0 0
0 0 0
0 0 0
0 0 0
0 0 0
0 0 0
0 0 0
0 0 0
0 0 0
0 0 0
0 0 0
0 0 0
0 0 0
0 0 0
0 0 0
0 0 0
0 0 0
0 0 0
0 0 0
0 0 0
0 0 0
0 0 0
0 0 0
0 0 0
0 0 0
0 0 0
0 0 0
0 0 0
0 0 0
0 0 0
0 0 0
0 0 0
0 0 0
0 0 0
0 0 0
0 0 0
0 0 0
0 0 0
0 0 0
0 0 0
0 0 0
3 2 0
13 9 0
29 19 0
74 41 1
66 32 1
65 30 1
69 32 1
79 37 2
92 43 2
122 68 6
107 51 3
143 90 15
152 101 21
166 117 45
161 112 35
182 131 64
167 118 51
184 135 76
186 137 85
173 122 57
196 149 99
180 131 76
184 134 85
171 116 38
190 129 44
205 146 70
214 159 94
217 163 103
218 162 104
224 174 122
214 157 93
212 158 95
191 134 52
174 118 34
168 109 29
214 160 103
221 168 112
202 146 79
201 146 78
199 145 74
183 128 42
169 112 27
172 115 30
191 133 54
199 141 61
204 150 88
204 147 76
204 146 73
197 139 62
197 140 65
186 128 49
190 131 47
197 138 59
179 120 36
186 129 45
192 130 43
203 140 51
217 158 83
224 166 97
212 152 83
0 0 0
0 0 0
0 0 0
0 0 0
0 0 0
0 0 0
0 0 0
0 0 0
0 0 0
0 0 0
0 0 0
0 0 0
0 0 0
0 0 0
0 0 0
0 0 0
0 0 0
0 0 0
0 0 0
0 0 0
0 0 0
0 0 0
0 0 0
0 0 0
0 0 0
0 0 0
0 0 0
0 0 0
0 0 0
0 0 0
0 0 0
0 0 0
0 0 0
0 0 0
0 0 0
0 0 0
0 0 0
0 0 0
0 0 0
0 0 0
0 0 0
0 0 0
9 7 1
2 1 0
4 3 0
31 20 0
75 41 2
55 25 1
68 32 0
63 30 1
64 29 1
95 44 3
99 45 2
123 67 6
137 81 9
144 93 16
148 96 24
178 129 67
168 120 54
189 139 83
184 135 84
185 135 86
192 144 98
170 120 53
175 124 58
163 102 16
185 128 49
201 145 69
209 155 91
216 163 104
216 161 103
205 147 73
206 151 83
198 141 65
172 114 31
166 112 38
189 132 56
206 150 87
223 172 120
212 157 99
190 137 65
168 113 34
165 108 25
149 90 12
159 102 19
190 131 43
197 139 54
186 130 50
196 139 58
197 140 65
191 132 52
189 130 47
178 119 31
193 134 50
184 124 35
185 125 39
176 117 33
191 130 45
202 141 54
211 151 72
215 158 89
212 155 87
0 0 0
0 0 0
0 0 0
0 0 0
0 0 0
0 0 0
0 0 0
0 0 0
0 0 0
0 0 0
0 0 0
0 0 0
0 0 0
0 0 0
0 0 0
0 0 0
0 0 0
0 0 0
0 0 0
0 0 0
0 0 0
0 0 0
0 0 0
0 0 0
0 0 0
0 0 0
0 0 0
0 0 0
0 0 0
0 0 0
0 0 0
0 0 0
0 0 0
0 0 0
0 0 0
1 1 0
7 5 0
0 0 0
0 0 0
0 0 0
0 0 0
0 0 0
0 0 0
0 0 0
0 0 0
7 5 0
72 45 1
69 36 1
56 27 0
54 26 1
51 24 0
72 33 0
81 36 1
106 50 3
129 76 6
128 74 7
132 79 13
162 114 41
152 104 37
172 122 58
165 115 52
191 143 97
200 155 114
167 119 51
158 108 39
169 113 26
162 106 23
192 136 60
209 153 88
216 162 106
200 140 63
206 148 83
196 138 63
188 131 53
180 123 47
169 112 35
195 139 70
194 138 68
199 145 78
191 137 63
170 114 31
145 87 12
157 101 14
146 88 10
156 98 13
185 128 44
189 131 42
178 120 37
191 134 49
191 132 46
187 128 42
166 109 23
173 116 28
175 118 27
164 105 18
173 114 26
164 107 22
173 116 29
195 132 42
205 145 68
200 140 55
197 138 59
0 0 0
0 0 0
0 0 0
0 0 0
0 0 0
0 0 0
0 0 0
0 0 0
0 0 0
0 0 0
0 0 0
0 0 0
0 0 0
0 0 0
0 0 0
0 0 0
0 0 0
0 0 0
0 0 0
0 0 0
0 0 0
0 0 0
0 0 0
0 0 0
0 0 0
0 0 0
0 0 0
0 0 0
0 0 0
0 0 0
0 0 0
0 0 0
0 0 0
0 0 0
0 0 0
13 9 1
48 35 7
2 2 0
0 0 0
0 0 0
0 0 0
0 0 0
1 1 0
15 13 4
1 1 0
1 1 0
34 23 1
74 46 1
57 31 1
53 26 1
50 24 0
48 24 0
62 28 1
96 43 1
122 67 4
107 51 4
126 73 11
156 108 36
152 105 35
160 111 40
147 98 26
185 137 85
191 146 105
160 111 42
150 98 24
159 105 26
169 112 38
206 152 87
217 164 109
217 162 100
195 134 50
192 132 54
202 145 79
203 150 88
192 137 64
177 122 40
192 136 59
181 123 37
169 114 28
168 113 30
161 105 19
155 100 14
163 105 20
143 83 8
154 97 13
177 119 31
176 118 29
168 110 20
178 122 36
197 139 54
185 127 37
171 113 27
167 108 18
164 106 17
159 101 13
161 102 16
156 99 14
144 83 11
165 104 20
199 139 54
199 138 52
199 139 58
0 0 0
0 0 0
0 0 0
0 0 0
0 0 0
0 0 0
0 0 0
0 0 0
0 0 0
0 0 0
0 0 0
0 0 0
0 0 0
0 0 0
0 0 0
0 0 0
0 0 0
0 0 0
0 0 0
0 0 0
0 0 0
0 0 0
0 0 0
0 0 0
0 0 0
0 0 0
0 0 0
0 0 0
0 0 0
0 0 0
0 0 0
0 0 0
0 0 0
0 0 0
0 0 0
1 1 0
8 6 0
0 0 0
0 0 0
0 0 0
0 0 0
0 0 0
0 0 0
3 3 1
0 0 0
0 0 0
11 7 0
71 49 1
51 33 0
55 28 0
48 23 0
48 23 0
60 27 1
73 32 1
87 41 2
79 36 2
113 62 10
141 92 21
145 93 25
150 103 36
145 93 24
184 137 81
185 141 88
160 112 42
157 106 21
164 112 32
180 125 54
204 150 86
215 163 105
209 152 84
199 143 69
183 124 43
201 146 78
196 142 75
188 132 51
172 114 28
186 130 48
185 129 44
160 105 19
143 86 13
146 90 11
148 91 10
145 87 9
129 69 5
141 82 9
173 119 35
167 110 19
167 109 18
178 120 29
187 128 40
175 116 25
166 106 14
168 109 18
167 108 20
142 82 7
142 83 9
149 91 12
152 93 13
162 103 17
178 118 27
185 126 39
196 138 55
0 0 0
0 0 0
0 0 0
0 0 0
0 0 0
0 0 0
0 0 0
0 0 0
0 0 0
0 0 0
0 0 0
0 0 0
0 0 0
0 0 0
0 0 0
0 0 0
0 0 0
0 0 0
0 0 0
0 0 0
0 0 0
0 0 0
0 0 0
0 0 0
0 0 0
0 0 0
0 0 0
0 0 0
0 0 0
0 0 0
0 0 0
0 0 0
0 0 0
0 0 0
0 0 0
0 0 0
0 0 0
0 0 0
0 0 0
0 0 0
0 0 0
0 0 0
0 0 0
4 3 0
0 0 0
0 0 0
7 5 0
17 12 0
5 4 0
33 20 0
59 28 0
48 23 0
52 24 0
56 25 1
66 30 1
58 27 1
86 41 4
129 77 11
129 78 15
128 78 18
144 91 26
183 138 90
176 128 73
159 110 43
163 111 30
161 112 34
172 122 57
204 149 86
221 169 115
202 145 69
176 115 29
192 133 56
204 149 80
186 131 57
178 121 37
172 114 22
188 129 47
195 139 58
172 115 27
143 86 12
123 65 6
131 71 6
131 74 5
126 66 4
133 73 6
146 87 11
160 102 12
162 104 18
182 125 36
171 113 24
156 98 12
165 104 12
169 108 11
153 94 12
134 73 7
142 82 9
158 103 19
156 99 16
148 88 8
163 106 21
178 121 36
183 125 35
0 0 0
0 0 0
0 0 0
0 0 0
0 0 0
0 0 0
0 0 0
0 0 0
0 0 0
0 0 0
0 0 0
0 0 0
0 0 0
0 0 0
0 0 0
0 0 0
0 0 0
0 0 0
2 1 0
3 2 0
0 0 0
0 0 0
0 0 0
0 0 0
0 0 0
0 0 0
0 0 0
0 0 0
0 0 0
0 0 0
0 0 0
0 0 0
0 0 0
0 0 0
2 1 0
1 1 0
0 0 0
0 0 0
0 0 0
0 0 0
0 0 0
0 0 0
2 1 0
46 31 0
10 6 0
0 0 0
0 0 0
0 0 0
0 0 0
6 4 0
41 23 0
52 24 0
49 22 0
45 19 1
55 25 1
56 26 1
69 31 3
109 55 5
115 61 7
110 54 6
140 87 28
180 134 72
171 126 63
152 105 37
167 114 36
167 114 35
155 101 27
195 141 71
214 163 106
191 133 53
190 132 54
194 138 64
190 136 62
172 117 38
170 113 28
184 125 37
198 139 53
195 137 52
165 108 18
151 94 11
116 57 5
132 74 6
132 74 6
120 60 4
122 61 6
133 71 4
157 100 13
161 102 9
165 108 19
153 94 10
155 98 10
153 92 7
159 101 10
142 80 8
128 66 5
128 69 7
143 85 9
153 97 13
164 106 18
175 114 20
185 122 26
191 130 37
0 0 0
0 0 0
0 0 0
0 0 0
0 0 0
0 0 0
0 0 0
0 0 0
0 0 0
0 0 0
0 0 0
0 0 0
0 0 0
0 0 0
0 0 0
0 0 0
0 0 0
0 0 0
3 2 0
14 8 1
0 0 0
0 0 0
0 0 0
0 0 0
0 0 0
0 0 0
0 0 0
0 0 0
0 0 0
0 0 0
0 0 0
0 0 0
0 0 0
0 0 0
2 1 0
1 1 0
0 0 0
0 0 0
0 0 0
0 0 0
0 0 0
0 0 0
0 0 0
17 10 0
2 1 0
0 0 0
0 0 0
0 0 0
0 0 0
0 0 0
3 2 0
33 18 0
46 21 0
44 20 1
47 22 1
67 30 1
61 27 2
75 34 2
98 47 6
101 46 4
136 82 20
168 119 52
152 102 33
155 105 36
175 119 39
177 121 41
168 113 36
182 127 51
186 130 52
167 108 23
176 118 33
184 126 46
189 135 60
173 115 36
189 131 51
206 148 72
208 148 70
200 139 51
173 112 24
153 96 13
124 63 5
134 76 7
124 63 6
108 49 4
111 51 3
127 63 2
134 75 6
143 87 10
156 99 12
148 89 10
135 75 7
151 91 9
152 93 7
127 66 5
117 55 3
130 69 5
140 80 7
159 102 16
180 119 26
194 131 34
199 134 34
204 141 44
0 0 0
0 0 0
0 0 0
0 0 0
0 0 0
0 0 0
0 0 0
0 0 0
0 0 0
0 0 0
0 0 0
0 0 0
0 0 0
0 0 0
0 0 0
0 0 0
0 0 0
0 0 0
0 0 0
0 0 0
0 0 0
0 0 0
0 0 0
0 0 0
0 0 0
0 0 0
0 0 0
0 0 0
0 0 0
0 0 0
0 0 0
0 0 0
0 0 0
0 0 0
0 0 0
0 0 0
0 0 0
0 0 0
0 0 0
0 0 0
0 0 0
0 0 0
0 0 0
1 0 0
0 0 0
0 0 0
0 0 0
0 0 0
0 0 0
0 0 0
0 0 0
6 4 0
37 18 0
49 22 1
46 23 2
65 30 3
63 29 2
62 28 3
83 40 5
85 40 5
128 78 20
158 109 39
157 107 35
182 127 53
209 148 69
217 158 81
181 125 47
169 113 32
184 128 51
169 109 24
165 105 19
175 115 23
188 133 60
182 124 43
209 151 84
220 162 94
214 153 75
211 153 83
204 144 66
173 111 20
145 86 11
127 68 6
118 61 5
100 43 3
107 48 3
121 60 3
119 58 2
115 54 3
114 55 3
141 80 6
138 75 5
147 88 10
148 84 4
131 70 3
130 67 4
151 88 6
161 102 14
165 108 20
189 128 32
203 138 42
211 147 53
210 149 63
0 0 0
0 0 0
0 0 0
0 0 0
0 0 0
0 0 0
0 0 0
0 0 0
0 0 0
0 0 0
0 0 0
0 0 0
0 0 0
0 0 0
0 0 0
0 0 0
0 0 0
0 0 0
0 0 0
0 0 0
0 0 0
0 0 0
0 0 0
0 0 0
0 0 0
0 0 0
0 0 0
0 0 0
0 0 0
0 0 0
0 0 0
0 0 0
0 0 0
0 0 0
0 0 0
0 0 0
0 0 0
0 0 0
0 0 0
0 0 0
0 0 0
0 0 0
0 0 0
0 0 0
0 0 0
0 0 0
0 0 0
0 0 0
0 0 0
0 0 0
5 3 0
1 1 0
10 7 0
55 28 1
68 32 2
119 70 18
128 77 18
83 39 4
78 37 5
76 36 5
127 75 21
159 110 38
182 128 62
236 196 163
251 220 196
248 211 173
205 152 80
153 94 15
176 120 44
179 122 40
173 115 32
173 114 27
179 122 44
193 135 57
210 152 83
221 165 96
220 164 96
220 165 111
235 193 160
219 172 125
181 126 52
135 74 10
116 58 7
90 40 4
90 37 4
86 37 3
94 43 3
106 45 3
109 48 3
134 73 6
143 83 6
146 85 8
152 90 11
144 82 7
151 89 8
163 102 10
170 109 15
170 110 21
187 124 28
203 137 40
216 153 60
209 145 50
0 0 0
0 0 0
0 0 0
0 0 0
0 0 0
0 0 0
0 0 0
0 0 0
0 0 0
0 0 0
0 0 0
0 0 0
0 0 0
0 0 0
0 0 0
0 0 0
0 0 0
0 0 0
0 0 0
0 0 0
0 0 0
0 0 0
0 0 0
0 0 0
0 0 0
0 0 0
0 0 0
0 0 0
0 0 0
0 0 0
0 0 0
0 0 0
0 0 0
0 0 0
0 0 0
0 0 0
0 0 0
0 0 0
0 0 0
0 0 0
0 0 0
0 0 0
0 0 0
0 0 0
0 0 0
0 0 0
0 0 0
0 0 0
0 0 0
0 0 0
1 1 0
0 0 0
0 0 0
13 9 0
76 43 2
180 137 78
213 174 128
176 130 68
109 56 8
112 55 5
130 74 14
183 132 64
222 180 142
254 240 232
255 247 238
255 239 225
232 187 137
171 112 22
176 121 40
181 126 47
166 109 28
176 117 32
188 128 46
208 150 82
220 163 95
215 155 79
224 171 118
244 209 181
252 231 218
252 233 222
235 203 180
186 135 80
118 59 8
104 46 4
89 38 4
86 37 4
91 38 3
110 49 3
108 49 3
137 75 5
138 75 5
143 78 5
155 94 10
156 95 10
149 85 6
162 99 9
179 117 20
180 117 22
196 133 38
205 140 41
216 153 58
215 150 53
0 0 0
0 0 0
0 0 0
0 0 0
0 0 0
0 0 0
0 0 0
0 0 0
0 0 0
0 0 0
0 0 0
0 0 0
0 0 0
0 0 0
0 0 0
0 0 0
0 0 0
0 0 0
0 0 0
0 0 0
0 0 0
0 0 0
0 0 0
0 0 0
0 0 0
0 0 0
0 0 0
0 0 0
0 0 0
0 0 0
0 0 0
0 0 0
0 0 0
0 0 0
0 0 0
0 0 0
0 0 0
0 0 0
0 0 0
0 0 0
0 0 0
0 0 0
0 0 0
0 0 0
0 0 0
0 0 0
0 0 0
0 0 0
0 0 0
0 0 0
0 0 0
0 0 0
0 0 0
0 0 0
10 7 0
108 89 60
233 206 185
237 208 182
193 147 89
168 115 35
179 128 55
221 181 146
250 227 213
255 244 237
255 249 240
255 247 238
246 210 173
206 150 74
176 121 41
168 115 36
157 102 24
170 113 32
197 140 64
218 162 95
224 168 103
221 163 91
238 192 151
254 235 224
255 246 239
255 245 238
253 235 227
233 203 184
180 129 69
135 75 14
112 48 6
109 47 5
125 61 6
132 69 6
131 72 9
152 93 18
158 98 16
149 86 10
158 98 11
159 96 13
163 101 17
169 109 22
173 111 18
182 120 30
202 139 44
211 151 72
217 158 81
229 173 105
0 0 0
0 0 0
0 0 0
0 0 0
0 0 0
0 0 0
0 0 0
0 0 0
0 0 0
0 0 0
0 0 0
0 0 0
0 0 0
0 0 0
0 0 0
0 0 0
0 0 0
0 0 0
0 0 0
0 0 0
0 0 0
0 0 0
0 0 0
0 0 0
0 0 0
0 0 0
0 0 0
0 0 0
0 0 0
0 0 0
0 0 0
0 0 0
0 0 0
0 0 0
0 0 0
0 0 0
0 0 0
0 0 0
0 0 0
0 0 0
0 0 0
0 0 0
0 0 0
0 0 0
0 0 0
0 0 0
0 0 0
0 0 0
0 0 0
1 1 0
0 0 0
0 0 0
0 0 0
0 0 0
1 0 0
8 6 2
92 79 57
214 192 171
242 212 188
230 192 148
231 194 157
244 216 197
254 235 225
255 241 234
255 246 239
255 250 243
255 235 217
238 193 143
188 134 58
159 106 31
165 111 35
177 119 37
205 144 59
225 168 102
226 167 99
226 169 105
243 200 162
255 237 225
255 250 241
255 249 242
254 241 232
246 223 211
233 202 180
212 171 126
184 131 67
172 113 44
178 122 49
182 129 61
193 146 92
195 146 93
197 148 84
199 146 84
191 137 73
190 132 52
190 133 57
199 144 78
204 150 85
193 138 64
209 153 83
229 181 132
236 191 149
241 201 162
0 0 0
0 0 0
0 0 0
0 0 0
0 0 0
0 0 0
0 0 0
0 0 0
0 0 0
0 0 0
0 0 0
0 0 0
0 0 0
0 0 0
0 0 0
0 0 0
0 0 0
0 0 0
0 0 0
0 0 0
0 0 0
0 0 0
0 0 0
0 0 0
0 0 0
0 0 0
0 0 0
0 0 0
0 0 0
0 0 0
0 0 0
0 0 0
0 0 0
0 0 0
0 0 0
0 0 0
0 0 0
0 0 0
0 0 0
0 0 0
0 0 0
0 0 0
0 0 0
0 0 0
0 0 0
0 0 0
0 0 0
0 0 0
0 0 0
2 1 0
0 0 0
0 0 0
0 0 0
0 0 0
0 0 0
0 0 0
2 2 0
41 36 23
164 146 127
244 217 195
245 217 197
248 223 205
252 234 224
254 236 226
254 239 230
255 246 239
255 243 232
240 201 160
183 127 49
156 104 33
185 130 62
208 151 81
229 175 114
240 191 134
240 189 127
235 181 115
241 194 146
255 237 225
255 250 241
255 249 241
255 243 235
250 228 217
245 218 202
239 211 190
236 203 178
229 194 162
231 196 166
232 196 166
233 203 182
235 206 188
223 186 154
225 188 160
230 194 167
220 177 138
213 167 121
224 182 146
231 193 164
230 189 153
229 185 146
242 206 179
248 219 201
253 229 214
0 0 0
0 0 0
0 0 0
0 0 0
0 0 0
0 0 0
0 0 0
0 0 0
0 0 0
0 0 0
0 0 0
0 0 0
0 0 0
0 0 0
0 0 0
0 0 0
0 0 0
0 0 0
0 0 0
0 0 0
0 0 0
0 0 0
0 0 0
0 0 0
0 0 0
0 0 0
0 0 0
0 0 0
0 0 0
0 0 0
0 0 0
0 0 0
0 0 0
0 0 0
0 0 0
0 0 0
0 0 0
0 0 0
0 0 0
0 0 0
0 0 0
0 0 0
0 0 0
0 0 0
0 0 0
0 0 0
0 0 0
0 0 0
0 0 0
0 0 0
0 0 0
8 6 0
2 1 0
0 0 0
2 2 0
0 0 0
0 0 0
0 0 0
22 18 9
177 154 110
241 216 192
249 223 206
250 228 215
250 229 218
250 229 216
254 239 229
255 244 234
246 217 192
209 154 82
186 131 60
200 148 87
208 156 95
220 166 102
233 179 118
237 184 124
237 183 118
245 202 161
254 236 224
255 249 241
255 247 240
255 242 234
249 228 217
246 220 206
242 215 195
244 216 196
241 212 191
241 212 192
240 211 194
241 215 201
246 222 212
242 215 201
241 213 199
249 225 215
247 223 214
244 216 201
244 216 201
244 215 195
245 216 200
249 222 210
253 228 215
253 230 219
254 235 225
0 0 0
0 0 0
0 0 0
0 0 0
0 0 0
0 0 0
0 0 0
0 0 0
0 0 0
0 0 0
0 0 0
0 0 0
0 0 0
0 0 0
0 0 0
0 0 0
0 0 0
0 0 0
0 0 0
0 0 0
0 0 0
0 0 0
0 0 0
0 0 0
0 0 0
0 0 0
0 0 0
0 0 0
0 0 0
0 0 0
0 0 0
0 0 0
0 0 0
0 0 0
0 0 0
0 0 0
0 0 0
0 0 0
0 0 0
0 0 0
0 0 0
0 0 0
0 0 0
0 0 0
0 0 0
0 0 0
0 0 0
0 0 0
0 0 0
0 0 0
0 0 0
2 2 0
1 0 0
0 0 0
2 1 0
0 0 0
0 0 0
0 0 0
3 2 0
53 39 6
116 99 57
226 202 179
248 224 206
248 225 211
245 221 207
250 231 222
255 241 233
253 232 217
231 182 125
218 167 109
214 167 114
202 150 86
224 172 113
227 170 104
233 178 117
240 189 132
246 204 165
255 240 230
255 249 242
255 247 240
255 243 235
249 228 217
245 221 207
243 216 198
241 213 194
244 216 199
245 217 198
241 213 196
237 210 189
246 221 207
246 222 207
245 219 202
250 227 215
253 232 223
250 227 214
248 222 209
248 223 210
250 227 214
253 231 219
255 234 223
255 237 226
255 239 228
0 0 0
0 0 0
0 0 0
0 0 0
0 0 0
0 0 0
0 0 0
0 0 0
0 0 0
0 0 0
0 0 0
0 0 0
0 0 0
0 0 0
0 0 0
0 0 0
0 0 0
0 0 0
0 0 0
0 0 0
0 0 0
0 0 0
0 0 0
0 0 0
0 0 0
0 0 0
0 0 0
0 0 0
0 0 0
0 0 0
0 0 0
0 0 0
0 0 0
0 0 0
0 0 0
0 0 0
0 0 0
0 0 0
0 0 0
0 0 0
0 0 0
0 0 0
0 0 0
0 0 0
0 0 0
0 0 0
0 0 0
0 0 0
0 0 0
0 0 0
0 0 0
0 0 0
0 0 0
0 0 0
0 0 0
0 0 0
0 0 0
0 0 0
0 0 0
1 1 0
3 3 0
94 81 48
223 200 165
247 223 203
245 223 213
253 236 229
255 241 231
255 238 225
240 200 159
217 169 114
195 145 80
187 133 59
216 162 100
229 175 111
234 183 130
241 191 136
250 209 172
255 242 231
255 250 242
255 251 245
255 247 239
251 231 220
244 218 204
244 219 201
242 215 198
241 213 194
246 217 196
244 216 197
234 205 180
237 209 189
243 219 202
243 217 199
243 217 200
249 224 211
251 230 219
249 227 215
249 224 210
250 227 216
255 233 223
255 237 227
255 238 227
255 239 229
0 0 0
0 0 0
0 0 0
0 0 0
0 0 0
0 0 0
0 0 0
0 0 0
0 0 0
0 0 0
0 0 0
0 0 0
0 0 0
0 0 0
0 0 0
0 0 0
0 0 0
0 0 0
0 0 0
0 0 0
0 0 0
0 0 0
0 0 0
0 0 0
0 0 0
0 0 0
0 0 0
0 0 0
0 0 0
0 0 0
0 0 0
0 0 0
0 0 0
0 0 0
0 0 0
0 0 0
0 0 0
0 0 0
0 0 0
0 0 0
0 0 0
0 0 0
0 0 0
0 0 0
0 0 0
0 0 0
0 0 0
0 0 0
0 0 0
0 0 0
0 0 0
0 0 0
0 0 0
0 0 0
0 0 0
0 0 0
0 0 0
0 0 0
0 0 0
0 0 0
0 0 0
6 5 0
73 65 26
196 175 128
245 225 212
253 237 227
253 235 224
254 236 226
238 205 174
189 142 74
190 145 85
198 148 83
206 150 83
219 167 106
224 168 107
237 188 135
249 212 181
255 242 232
255 252 244
255 252 246
255 250 243
252 235 228
244 220 209
243 218 204
243 216 202
243 216 198
244 217 197
245 217 196
239 211 188
235 205 180
240 211 191
243 216 195
243 215 193
245 217 196
248 222 206
249 224 211
249 225 211
253 231 220
254 233 223
254 232 220
254 235 225
255 235 224
0 0 0
0 0 0
0 0 0
0 0 0
0 0 0
0 0 0
0 0 0
0 0 0
0 0 0
0 0 0
0 0 0
0 0 0
0 0 0
0 0 0
0 0 0
0 0 0
0 0 0
0 0 0
0 0 0
0 0 0
0 0 0
0 0 0
0 0 0
0 0 0
0 0 0
0 0 0
0 0 0
0 0 0
0 0 0
0 0 0
0 0 0
0 0 0
0 0 0
0 0 0
0 0 0
0 0 0
0 0 0
0 0 0
0 0 0
0 0 0
0 0 0
0 0 0
0 0 0
0 0 0
0 0 0
0 0 0
0 0 0
0 0 0
0 0 0
0 0 0
0 0 0
0 0 0
0 0 0
0 0 0
0 0 0
0 0 0
0 0 0
0 0 0
0 0 0
0 0 0
0 0 0
0 0 0
2 2 0
37 33 9
176 159 121
246 226 214
250 230 219
254 238 228
245 220 201
169 122 57
150 106 41
170 124 57
203 151 84
207 152 77
214 158 89
232 179 121
247 208 174
255 242 232
255 250 241
255 252 245
255 251 245
254 239 233
245 221 210
243 220 207
245 219 205
245 219 204
245 218 201
244 217 200
242 215 195
239 208 182
242 213 187
244 215 193
243 216 194
242 214 192
244 216 198
245 220 207
249 225 213
250 226 213
251 228 214
254 233 221
253 233 221
252 229 219
0 0 0
0 0 0
0 0 0
0 0 0
0 0 0
0 0 0
0 0 0
0 0 0
0 0 0
0 0 0
0 0 0
0 0 0
0 0 0
0 0 0
0 0 0
0 0 0
0 0 0
0 0 0
0 0 0
0 0 0
0 0 0
0 0 0
0 0 0
0 0 0
0 0 0
0 0 0
0 0 0
0 0 0
0 0 0
0 0 0
0 0 0
0 0 0
0 0 0
0 0 0
0 0 0
0 0 0
0 0 0
0 0 0
0 0 0
0 0 0
0 0 0
0 0 0
0 0 0
0 0 0
0 0 0
0 0 0
0 0 0
0 0 0
0 0 0
0 0 0
0 0 0
0 0 0
0 0 0
0 0 0
0 0 0
0 0 0
0 0 0
0 0 0
0 0 0
0 0 0
0 0 0
0 0 0
0 0 0
0 0 0
48 42 20
215 195 171
239 215 198
251 231 221
252 237 227
189 148 95
117 73 27
142 100 35
184 133 57
187 133 57
191 134 57
229 177 118
252 220 195
255 242 232
255 249 240
255 250 243
255 253 246
255 246 239
246 224 215
242 220 206
245 221 204
244 217 200
247 221 202
246 219 202
244 218 199
243 215 194
244 215 190
244 215 192
242 212 188
242 215 192
241 214 192
247 223 206
249 227 214
248 223 207
250 226 213
249 225 209
248 223 207
248 223 208
0 0 0
0 0 0
0 0 0
0 0 0
0 0 0
0 0 0
0 0 0
0 0 0
0 0 0
0 0 0
0 0 0
0 0 0
0 0 0
0 0 0
0 0 0
0 0 0
0 0 0
0 0 0
0 0 0
0 0 0
0 0 0
0 0 0
0 0 0
0 0 0
0 0 0
0 0 0
0 0 0
0 0 0
0 0 0
0 0 0
0 0 0
0 0 0
0 0 0
0 0 0
0 0 0
0 0 0
0 0 0
0 0 0
0 0 0
0 0 0
0 0 0
0 0 0
0 0 0
0 0 0
0 0 0
0 0 0
0 0 0
0 0 0
0 0 0
0 0 0
6 4 0
0 0 0
0 0 0
2 1 0
4 3 0
0 0 0
0 0 0
0 0 0
0 0 0
0 0 0
0 0 0
0 0 0
0 0 0
0 0 0
3 3 0
127 113 92
236 212 197
252 236 226
255 247 239
219 190 158
116 74 28
117 74 26
157 111 39
165 114 39
177 120 45
230 176 116
254 228 208
255 249 241
255 251 243
255 252 244
255 254 245
255 252 245
253 237 229
245 223 209
243 218 201
243 216 197
244 215 198
247 221 204
246 221 204
244 218 197
244 215 191
246 218 194
244 214 186
241 212 186
243 215 191
243 216 195
245 221 203
246 220 203
248 222 204
247 220 200
246 220 200
245 219 200
0 0 0
0 0 0
0 0 0
0 0 0
0 0 0
0 0 0
0 0 0
0 0 0
0 0 0
0 0 0
0 0 0
0 0 0
0 0 0
0 0 0
0 0 0
0 0 0
0 0 0
0 0 0
0 0 0
0 0 0
0 0 0
0 0 0
0 0 0
0 0 0
0 0 0
0 0 0
0 0 0
0 0 0
0 0 0
0 0 0
0 0 0
0 0 0
0 0 0
0 0 0
0 0 0
0 0 0
0 0 0
0 0 0
0 0 0
0 0 0
0 0 0
0 0 0
0 0 0
0 0 0
0 0 0
0 0 0
0 0 0
0 0 0
0 0 0
0 0 0
1 1 0
0 0 0
0 0 0
1 0 0
2 2 0
0 0 0
0 0 0
0 0 0
0 0 0
0 0 0
0 0 0
0 0 0
0 0 0
0 0 0
0 0 0
46 41 28
210 191 166
249 231 217
255 246 237
236 217 197
110 73 33
98 63 27
131 88 31
136 86 28
190 131 53
240 191 139
254 234 218
255 250 242
255 252 244
255 253 247
255 254 248
255 255 249
255 250 242
251 232 222
242 215 197
241 213 192
245 217 198
245 218 200
248 222 204
247 220 201
245 216 194
246 218 195
244 214 188
240 211 184
242 213 190
244 215 189
241 212 187
244 216 195
245 218 197
246 218 197
244 217 194
243 216 192
0 0 0
0 0 0
0 0 0
0 0 0
0 0 0
0 0 0
0 0 0
0 0 0
0 0 0
0 0 0
0 0 0
0 0 0
0 0 0
0 0 0
0 0 0
0 0 0
0 0 0
0 0 0
0 0 0
0 0 0
0 0 0
0 0 0
0 0 0
0 0 0
0 0 0
0 0 0
0 0 0
0 0 0
0 0 0
0 0 0
0 0 0
0 0 0
0 0 0
0 0 0
0 0 0
0 0 0
0 0 0
0 0 0
0 0 0
0 0 0
0 0 0
0 0 0
0 0 0
0 0 0
0 0 0
0 0 0
0 0 0
0 0 0
0 0 0
0 0 0
0 0 0
0 0 0
0 0 0
0 0 0
0 0 0
0 0 0
0 0 0
0 0 0
0 0 0
0 0 0
0 0 0
0 0 0
0 0 0
0 0 0
0 0 0
3 2 0
37 33 16
146 132 107
251 235 226
242 217 194
143 99 46
109 68 29
130 84 30
153 102 32
203 145 69
244 199 153
255 239 225
255 251 243
255 252 245
255 253 247
255 255 249
255 255 250
255 254 248
254 241 232
243 218 201
243 213 191
244 217 197
242 215 194
247 221 202
248 223 204
247 220 199
248 219 198
246 217 194
243 214 193
243 214 189
243 214 187
240 212 182
241 212 186
244 214 187
243 215 190
245 217 191
243 216 190
0 0 0
0 0 0
0 0 0
0 0 0
0 0 0
0 0 0
0 0 0
0 0 0
0 0 0
0 0 0
0 0 0
0 0 0
0 0 0
0 0 0
0 0 0
0 0 0
0 0 0
0 0 0
0 0 0
0 0 0
0 0 0
0 0 0
0 0 0
0 0 0
0 0 0
0 0 0
0 0 0
0 0 0
0 0 0
0 0 0
0 0 0
0 0 0
0 0 0
0 0 0
0 0 0
0 0 0
0 0 0
0 0 0
0 0 0
0 0 0
0 0 0
0 0 0
0 0 0
0 0 0
0 0 0
0 0 0
0 0 0
0 0 0
0 0 0
0 0 0
0 0 0
0 0 0
0 0 0
0 0 0
0 0 0
0 0 0
0 0 0
0 0 0
0 0 0
0 0 0
0 0 0
0 0 0
0 0 0
0 0 0
0 0 0
0 0 0
0 0 0
27 23 10
219 202 187
234 205 174
165 120 55
145 103 41
169 121 56
203 150 81
212 154 79
235 190 142
255 241 231
255 252 243
255 252 244
255 252 245
255 253 245
255 254 246
255 255 247
255 249 239
246 220 203
237 207 181
241 212 192
241 216 195
243 217 196
247 220 198
249 222 200
248 220 196
247 219 195
245 217 192
243 212 185
244 215 187
243 214 184
241 211 183
243 214 188
242 214 189
243 215 190
242 213 188
0 0 0
0 0 0
0 0 0
0 0 0
0 0 0
0 0 0
0 0 0
0 0 0
0 0 0
0 0 0
0 0 0
0 0 0
0 0 0
0 0 0
0 0 0
0 0 0
0 0 0
0 0 0
0 0 0
0 0 0
0 0 0
0 0 0
0 0 0
0 0 0
0 0 0
0 0 0
0 0 0
0 0 0
0 0 0
0 0 0
0 0 0
0 0 0
0 0 0
0 0 0
0 0 0
0 0 0
0 0 0
0 0 0
0 0 0
0 0 0
0 0 0
0 0 0
0 0 0
0 0 0
0 0 0
0 0 0
0 0 0
0 0 0
0 0 0
0 0 0
0 0 0
0 0 0
0 0 0
0 0 0
0 0 0
0 0 0
0 0 0
0 0 0
0 0 0
0 0 0
0 0 0
0 0 0
0 0 0
0 0 0
0 0 0
0 0 0
0 0 0
9 7 3
187 172 156
232 202 174
159 117 58
141 100 42
180 133 70
206 157 101
230 181 125
247 212 179
255 247 238
255 253 246
255 251 242
255 249 241
255 249 240
255 251 242
255 251 243
255 248 238
248 224 205
238 208 182
242 216 198
243 218 200
243 219 199
245 219 197
246 219 196
248 221 198
248 221 196
245 216 188
245 215 184
245 216 187
243 214 183
243 214 185
241 214 186
244 214 187
244 215 189
244 217 188
0 0 0
0 0 0
0 0 0
0 0 0
0 0 0
0 0 0
0 0 0
0 0 0
0 0 0
0 0 0
0 0 0
0 0 0
0 0 0
0 0 0
0 0 0
0 0 0
0 0 0
0 0 0
0 0 0
0 0 0
0 0 0
0 0 0
0 0 0
0 0 0
0 0 0
0 0 0
0 0 0
0 0 0
0 0 0
0 0 0
0 0 0
0 0 0
0 0 0
0 0 0
0 0 0
0 0 0
0 0 0
0 0 0
0 0 0
0 0 0
0 0 0
0 0 0
0 0 0
0 0 0
0 0 0
0 0 0
0 0 0
0 0 0
0 0 0
0 0 0
0 0 0
0 0 0
0 0 0
0 0 0
0 0 0
0 0 0
0 0 0
0 0 0
0 0 0
0 0 0
0 0 0
0 0 0
0 0 0
0 0 0
0 0 0
0 0 0
0 0 0
6 5 1
171 153 128
219 193 164
146 109 51
141 101 45
172 126 63
198 146 85
226 177 126
251 223 199
255 247 238
255 251 244
255 251 243
255 247 239
255 241 229
255 241 228
255 242 230
254 237 223
246 218 197
242 212 187
244 217 194
247 220 199
246 220 201
246 219 197
246 218 196
247 220 197
248 221 196
247 219 195
246 218 189
244 215 186
243 214 186
241 212 182
235 205 178
243 215 186
244 214 184
243 214 184
0 0 0
0 0 0
0 0 0
0 0 0
0 0 0
0 0 0
0 0 0
0 0 0
0 0 0
0 0 0
0 0 0
0 0 0
0 0 0
0 0 0
0 0 0
0 0 0
0 0 0
0 0 0
0 0 0
0 0 0
0 0 0
0 0 0
0 0 0
0 0 0
0 0 0
0 0 0
0 0 0
0 0 0
0 0 0
0 0 0
0 0 0
0 0 0
0 0 0
0 0 0
0 0 0
0 0 0
0 0 0
0 0 0
0 0 0
0 0 0
0 0 0
0 0 0
0 0 0
0 0 0
0 0 0
0 0 0
0 0 0
0 0 0
0 0 0
0 0 0
0 0 0
0 0 0
0 0 0
0 0 0
0 0 0
0 0 0
0 0 0
0 0 0
0 0 0
0 0 0
0 0 0
0 0 0
0 0 0
0 0 0
0 0 0
0 0 0
1 1 0
54 42 6
198 178 149
175 146 108
130 92 40
138 96 41
166 117 48
196 143 76
201 146 76
245 215 191
255 246 237
255 248 239
255 249 240
255 246 237
253 234 220
252 229 209
250 227 207
245 218 191
241 210 178
243 213 184
244 215 188
244 216 190
245 218 195
244 217 191
244 217 189
244 214 183
243 214 183
245 216 188
246 218 191
246 218 192
244 216 187
244 215 184
244 215 186
245 214 184
244 212 182
244 214 186
0 0 0
0 0 0
0 0 0
0 0 0
0 0 0
0 0 0
0 0 0
0 0 0
0 0 0
0 0 0
0 0 0
0 0 0
0 0 0
0 0 0
0 0 0
0 0 0
0 0 0
0 0 0
0 0 0
0 0 0
0 0 0
0 0 0
0 0 0
0 0 0
0 0 0
0 0 0
0 0 0
0 0 0
0 0 0
0 0 0
0 0 0
0 0 0
0 0 0
0 0 0
0 0 0
0 0 0
0 0 0
0 0 0
0 0 0
0 0 0
0 0 0
0 0 0
0 0 0
0 0 0
0 0 0
0 0 0
0 0 0
0 0 0
0 0 0
0 0 0
0 0 0
0 0 0
0 0 0
0 0 0
0 0 0
0 0 0
0 0 0
0 0 0
0 0 0
0 0 0
0 0 0
0 0 0
0 0 0
0 0 0
0 0 0
0 0 0
1 1 0
69 56 11
211 192 165
133 98 54
112 72 31
138 94 40
166 118 51
183 128 46
179 120 37
234 199 166
255 247 239
255 247 239
255 248 237
255 244 234
251 231 215
247 220 193
241 208 172
237 201 162
236 202 165
237 204 173
238 207 175
240 210 183
239 209 183
240 210 182
240 212 182
241 212 183
241 210 180
241 210 179
243 213 181
241 213 184
236 210 175
233 206 167
241 212 179
243 215 182
243 214 184
243 212 180
0 0 0
0 0 0
0 0 0
0 0 0
0 0 0
0 0 0
0 0 0
0 0 0
0 0 0
0 0 0
0 0 0
0 0 0
0 0 0
0 0 0
0 0 0
0 0 0
0 0 0
0 0 0
0 0 0
0 0 0
0 0 0
0 0 0
0 0 0
0 0 0
0 0 0
0 0 0
0 0 0
0 0 0
0 0 0
0 0 0
0 0 0
0 0 0
0 0 0
0 0 0
0 0 0
0 0 0
0 0 0
0 0 0
0 0 0
0 0 0
0 0 0
0 0 0
0 0 0
0 0 0
0 0 0
0 0 0
0 0 0
0 0 0
0 0 0
0 0 0
0 0 0
0 0 0
0 0 0
0 0 0
0 0 0
0 0 0
0 0 0
0 0 0
0 0 0
0 0 0
0 0 0
0 0 0
0 0 0
0 0 0
0 0 0
0 0 0
0 0 0
64 56 18
188 166 133
104 67 29
111 69 25
118 73 24
133 80 24
185 129 49
209 156 96
244 217 195
255 244 235
255 244 234
254 240 230
251 233 219
235 212 179
199 172 117
219 188 140
234 202 158
239 208 170
241 209 176
240 209 176
239 206 171
239 206 174
238 205 168
234 200 160
234 199 160
234 199 159
235 202 164
219 187 134
155 135 67
101 89 33
80 70 26
133 115 62
199 174 130
237 210 177
242 215 184
0 0 0
0 0 0
0 0 0
0 0 0
0 0 0
0 0 0
0 0 0
0 0 0
0 0 0
0 0 0
0 0 0
0 0 0
0 0 0
0 0 0
0 0 0
0 0 0
0 0 0
0 0 0
0 0 0
0 0 0
0 0 0
0 0 0
0 0 0
0 0 0
0 0 0
0 0 0
0 0 0
0 0 0
0 0 0
0 0 0
0 0 0
0 0 0
0 0 0
0 0 0
0 0 0
0 0 0
0 0 0
0 0 0
0 0 0
0 0 0
1 1 0
0 0 0
0 0 0
0 0 0
0 0 0
0 0 0
0 0 0
0 0 0
0 0 0
0 0 0
0 0 0
1 1 0
3 2 0
3 2 0
3 2 0
3 2 0
3 2 0
2 1 0
2 1 0
2 1 0
3 2 0
4 2 0
4 2 0
1 0 0
0 0 0
0 0 0
3 3 0
101 90 49
166 137 95
104 64 21
112 64 19
155 104 33
151 97 25
200 146 78
242 211 188
255 239 230
255 239 229
252 234 221
247 225 206
234 208 177
128 112 58
30 25 6
42 35 10
75 64 30
154 131 80
229 197 157
234 199 158
233 198 157
233 197 154
232 196 149
228 191 146
227 189 138
223 184 132
222 183 130
181 152 85
40 35 8
4 4 1
1 1 0
8 6 2
44 35 11
110 93 48
180 157 114
37 24 2
44 31 7
50 39 16
48 38 14
42 29 8
32 20 2
25 16 1
24 16 0
24 15 0
33 21 1
42 35 7
44 37 9
56 43 7
59 42 5
41 28 2
1 1 0
0 0 0
7 5 0
17 12 0
0 0 0
0 0 0
0 0 0
0 0 0
0 0 0
0 0 0
0 0 0
0 0 0
0 0 0
0 0 0
0 0 0
0 0 0
0 0 0
0 0 0
0 0 0
0 0 0
0 0 0
0 0 0
0 0 0
1 0 0
1 1 0
24 18 1
19 14 1
0 0 0
0 0 0
0 0 0
6 5 0
8 6 0
0 0 0
0 0 0
0 0 0
1 0 0
30 21 0
52 36 1
55 35 2
72 51 8
69 50 10
56 37 6
59 39 6
53 31 3
49 27 1
58 32 2
78 46 5
91 60 12
68 43 6
27 19 3
22 17 2
41 33 2
159 139 90
114 79 35
83 47 14
121 71 21
177 126 47
171 117 39
219 171 120
252 230 217
255 241 231
253 235 223
246 221 201
237 212 181
137 117 65
19 16 3
0 0 0
0 0 0
0 0 0
49 42 17
209 178 140
223 185 138
223 184 138
221 184 136
222 184 135
220 181 129
219 179 122
217 178 124
217 180 128
156 132 65
19 16 3
2 2 0
0 0 0
0 0 0
11 9 2
51 41 8
18 14 3
