P3
100 100
255
102 43 51
51 43 0
102 0 0
51 43 51
102 0 0
51 43 0
102 0 51
51 43 0
102 43 0
51 0 51
102 43 0
51 43 51
102 0 0
51 43 0
102 43 51
51 0 0
102 43 0
51 43 51
102 0 0
102 43 51
51 43 0
102 0 0
102 43 51
102 43 0
102 43 51
102 43 0
102 43 51
51 0 0
102 43 51
102 43 0
102 43 51
102 43 0
102 43 51
102 43 0
102 43 51
102 43 0
102 43 51
102 43 0
102 43 51
102 43 0
102 43 51
102 43 0
102 43 51
102 43 0
102 43 51
102 43 0
102 43 51
102 43 0
102 43 51
102 43 0
102 43 51
102 43 0
102 43 51
153 85 0
153 85 51
153 85 0
153 85 51
153 85 0
153 85 51
102 43 51
102 43 0
102 43 51
51 0 0
51 43 0
51 0 51
102 43 0
102 43 51
102 43 51
153 85 51
153 43 51
102 85 51
153 43 51
153 43 0
153 43 51
102 43 0
153 43 51
153 85 51
153 85 51
102 43 51
153 85 51
102 43 51
102 43 0
153 43 51
102 85 0
153 85 51
153 85 0
153 85 51
153 128 0
153 85 51
153 128 0
153 85 51
153 85 0
153 85 51
153 85 0
153 85 51
153 85 0
153 85 51
153 85 0
204 170 51
153 85 0
102 0 0
51 43 51
102 43 0
51 43 51
102 43 0
51 43 51
102 43 0
102 43 51
51 0 0
102 43 51
102 43 0
51 0 0
102 43 51
102 43 51
51 0 0
102 43 51
102 43 51
102 43 0
51 43 51
102 43 0
102 43 51
51 43 51
102 43 0
102 43 51
102 43 0
102 43 51
102 43 0
102 43 51
102 43 0
102 43 51
102 43 0
102 0 51
102 43 0
102 43 51
102 43 0
102 43 51
102 43 0
102 43 51
102 43 0
102 43 51
102 43 51
102 43 0
102 43 51
102 43 51
102 43 0
102 43 51
102 43 51
102 43 0
153 43 51
102 43 51
153 43 0
102 43 51
153 85 51
103 44 51
154 86 0
103 44 51
103 44 51
52 1 0
1 1 0
52 0 0
0 0 0
1 0 0
0 0 0
51 0 51
0 0 0
0 43 51
0 0 0
52 0 0
1 0 1
103 43 51
51 43 0
102 43 51
102 85 50
102 43 51
102 85 51
153 43 51
102 43 0
102 43 51
153 43 0
102 43 51
153 85 0
102 43 51
102 85 51
153 43 51
102 43 0
102 43 51
153 85 51
102 44 51
153 85 0
153 85 51
153 85 51
153 85 51
153 85 0
153 85 51
153 85 51
153 85 51
153 85 0
153 85 51
153 85 51
153 128 51
51 43 51
102 43 0
103 44 51
102 43 0
51 0 51
102 43 0
103 1 51
51 43 0
102 42 51
51 0 0
51 43 0
101 43 51
52 43 0
102 44 1
50 42 50
103 44 1
51 43 0
103 43 51
101 44 0
102 0 51
103 44 0
101 43 52
103 43 0
102 43 52
51 0 0
102 43 51
102 43 0
102 43 51
102 43 0
102 43 51
102 43 0
102 42 52
102 43 0
102 43 51
102 43 0
102 43 51
102 43 0
102 43 52
102 43 50
102 43 1
102 43 51
153 43 0
102 43 51
153 43 1
102 43 50
102 43 52
153 43 0
102 43 51
102 42 51
102 43 0
102 43 51
103 44 52
104 44 1
52 0 1
2 1 0
1 0 1
1 0 1
0 0 0
0 0 0
0 0 51
51 43 0
0 0 50
102 43 51
52 43 1
50 43 50
49 0 0
49 42 50
49 42 50
48 41 0
50 0 51
101 42 49
102 85 51
102 85 102
152 83 101
152 85 51
154 84 51
101 42 50
153 85 0
102 42 51
153 84 0
102 43 50
101 43 0
153 43 52
102 43 0
102 42 50
153 85 52
102 44 0
153 42 52
102 44 50
103 85 0
153 85 52
153 85 0
154 128 50
153 85 52
153 84 0
153 85 52
153 128 50
153 84 0
153 128 52
152 85 0
102 1 1
51 43 49
52 1 2
51 43 51
102 43 0
52 44 51
51 0 1
102 43 51
51 44 0
102 42 51
102 44 50
103 0 2
51 43 49
102 0 0
102 43 51
51 0 0
102 43 49
51 44 2
104 0 49
103 84 2
51 0 49
102 43 1
51 44 50
102 43 1
101 42 50
102 43 52
102 43 0
102 43 51
102 43 0
102 43 51
102 43 51
102 43 0
102 43 51
102 43 51
102 43 0
102 43 51
102 43 51
102 43 0
101 43 53
102 43 0
102 43 52
103 43 0
102 43 51
103 43 0
102 43 51
101 43 1
103 43 50
100 42 0
153 86 52
104 44 51
104 44 1
2 1 1
2 1 0
1 0 0
0 0 0
0 0 0
0 0 0
0 0 0
0 0 0
0 0 2
0 0 0
50 43 53
2 0 0
0 0 0
51 0 53
102 84 49
102 43 53
153 85 51
153 129 101
153 83 51
102 84 102
100 42 49
101 85 51
155 170 153
153 85 51
102 87 52
152 84 51
103 44 50
153 85 0
102 86 51
151 84 51
152 42 51
104 84 0
151 43 50
102 85 53
102 43 0
153 43 51
104 85 0
153 42 51
100 44 51
154 85 0
153 85 50
102 86 53
153 85 0
153 128 51
153 84 0
153 86 51
153 128 51
153 85 0
204 128 49
53 0 0
102 44 53
51 0 0
102 44 2
53 1 51
51 0 0
102 43 0
53 44 0
101 0 51
53 44 2
51 0 53
53 43 0
51 43 53
103 43 0
52 43 53
101 43 0
52 43 53
102 0 0
51 41 53
51 46 0
102 41 53
104 43 0
102 0 51
102 43 0
102 43 51
104 43 2
102 44 49
102 43 53
102 43 0
102 43 53
102 43 1
102 43 50
102 43 1
102 43 53
102 43 0
102 43 53
102 43 1
102 43 49
153 43 0
102 43 51
102 43 0
102 43 51
104 44 53
102 43 0
102 43 51
153 43 0
101 43 51
155 86 50
55 3 1
3 1 2
3 1 0
0 0 0
0 0 0
0 0 0
0 0 0
0 0 0
0 0 0
51 0 0
52 0 51
0 0 0
100 41 51
51 2 0
49 41 51
100 43 49
51 41 0
52 46 53
53 44 0
53 44 51
55 3 55
53 88 51
104 88 54
154 127 103
152 84 101
101 86 103
153 85 49
151 41 48
153 86 51
150 83 51
105 44 50
151 43 1
155 87 53
155 85 1
100 85 50
155 42 51
101 43 0
153 85 51
103 42 1
100 43 49
103 85 53
153 42 0
102 85 51
153 85 51
151 85 0
153 85 49
153 87 1
153 128 50
153 83 51
153 87 2
153 128 49
153 86 53
51 43 0
51 0 2
52 42 49
51 0 0
49 41 0
52 43 51
51 0 0
49 0 51
53 41 0
49 2 0
102 41 0
48 0 51
50 43 0
53 1 51
99 45 0
54 1 51
99 43 0
52 41 51
102 43 0
100 0 51
51 43 0
51 43 51
52 43 53
102 43 0
102 43 53
51 43 0
102 0 54
104 43 0
102 43 51
102 43 0
102 43 48
102 43 3
102 43 49
102 43 0
102 43 51
102 43 0
102 43 49
102 43 53
104 43 51
102 43 1
102 43 51
103 43 0
51 0 0
103 43 49
99 41 52
103 43 0
105 44 52
6 3 2
1 0 0
0 0 0
0 0 0
1 0 1
1 0 0
1 0 0
0 0 0
0 0 51
49 0 0
1 41 49
0 0 3
49 42 49
52 43 3
51 0 48
52 45 1
53 0 53
51 43 49
52 1 2
50 0 49
101 44 53
47 38 0
101 2 51
51 0 0
53 47 3
109 88 55
154 129 102
154 85 102
154 166 151
152 83 50
204 125 98
96 81 49
154 84 48
102 43 0
104 45 49
153 85 3
103 84 50
151 83 51
103 44 0
151 84 49
153 83 54
151 44 0
103 84 51
151 85 0
153 85 51
153 85 51
153 85 53
153 83 49
153 87 3
153 128 51
153 85 0
153 85 54
204 126 0
49 0 51
102 43 0
49 44 53
102 43 0
99 43 50
49 1 0
102 43 51
99 41 0
51 43 50
99 0 0
51 43 50
102 43 1
100 43 50
48 40 0
105 0 51
49 40 0
104 45 50
99 44 1
51 42 50
103 41 1
102 45 50
99 43 1
99 1 0
102 43 51
101 43 0
99 43 51
102 41 0
51 43 51
102 43 0
102 43 51
104 45 54
102 43 0
102 43 51
102 43 51
102 43 0
102 43 51
102 43 51
102 43 3
101 43 0
103 43 48
102 43 0
100 43 51
99 41 50
99 43 52
156 86 2
105 44 51
4 2 2
0 0 0
0 0 0
0 0 1
1 0 0
0 0 0
0 0 1
0 0 51
51 0 0
48 0 0
51 41 48
48 45 53
101 43 0
51 43 51
102 45 0
51 41 53
49 0 48
53 42 3
52 43 51
3 0 0
50 40 51
54 2 0
105 87 51
51 40 50
102 84 51
100 41 48
0 1 0
56 7 56
106 86 53
152 133 108
155 128 99
158 172 156
250 167 148
151 82 99
150 83 48
100 41 52
103 84 0
147 84 53
154 86 0
150 83 51
154 86 52
103 86 0
154 83 51
150 86 1
154 85 50
152 85 51
155 85 0
152 85 3
152 128 51
153 84 0
153 85 53
153 85 49
153 127 0
153 129 51
102 42 1
52 1 51
102 43 2
52 1 49
105 45 3
102 40 50
52 1 1
105 43 50
48 45 3
105 41 48
101 45 4
55 1 47
102 42 4
102 46 50
51 40 1
100 46 50
54 0 4
102 42 47
101 45 4
101 44 47
52 0 4
105 43 47
103 40 50
101 43 1
105 45 50
103 43 1
102 44 50
99 43 1
102 43 50
102 43 1
51 0 0
102 43 49
102 43 53
102 43 1
102 43 50
102 43 1
102 43 54
102 43 0
102 43 50
99 43 52
102 43 50
153 43 1
102 41 3
154 45 50
8 5 0
5 2 3
0 0 0
0 0 0
51 1 1
1 0 0
0 1 1
51 0 51
51 1 0
49 0 4
3 43 51
54 0 50
54 46 54
54 2 2
4 3 51
53 45 53
51 0 48
51 44 3
103 41 52
0 3 0
49 44 54
0 0 0
55 47 54
50 0 50
1 3 1
105 46 54
52 2 1
55 45 52
142 78 47
48 0 0
53 48 53
155 86 50
103 89 106
104 90 55
211 173 157
202 166 149
153 86 52
150 81 48
150 89 51
206 127 0
153 85 50
154 86 1
152 83 51
150 85 50
152 86 1
153 84 47
152 84 4
155 84 50
104 87 50
155 84 0
155 87 53
153 85 49
153 127 3
153 85 52
153 88 50
203 127 1
55 1 49
97 42 1
55 43 0
100 42 51
51 0 0
55 46 1
100 39 49
54 45 2
101 0 0
51 43 55
55 3 0
47 39 55
104 46 0
56 0 1
100 44 50
102 0 1
48 40 0
104 46 55
53 0 0
105 43 55
97 40 0
55 42 55
101 44 1
105 42 46
52 0 5
101 43 46
102 43 2
103 42 49
102 43 2
102 43 50
98 40 49
102 43 52
102 43 3
102 43 47
102 43 1
102 43 50
102 43 0
103 43 48
102 43 4
152 43 51
102 43 1
101 42 46
107 86 0
60 2 53
0 0 0
0 0 0
0 0 0
1 0 1
1 0 0
0 0 50
50 0 0
1 0 4
5 0 50
52 1 0
0 1 1
1 1 5
1 0 4
4 0 0
49 0 4
4 3 4
103 42 55
51 43 0
49 41 51
49 0 52
98 40 0
96 41 48
0 0 1
56 44 5
96 38 46
0 2 1
101 81 50
49 2 52
163 90 54
95 122 95
48 0 1
104 83 100
146 79 49
99 82 98
155 130 105
162 139 162
156 85 49
156 128 101
154 4 2
109 91 50
152 84 2
152 84 50
155 127 50
153 84 5
155 84 46
155 87 55
155 87 0
105 87 53
101 45 2
105 87 47
106 87 4
153 85 53
153 89 0
153 85 51
153 82 1
157 130 50
50 39 5
106 4 49
50 42 0
55 2 53
100 41 1
50 0 49
55 47 5
50 3 46
55 39 0
100 45 1
50 0 50
101 47 1
54 1 50
47 41 50
55 43 1
104 41 50
98 44 51
54 1 0
97 42 51
52 42 0
106 44 51
47 46 0
105 43 50
52 46 55
97 39 0
105 42 55
102 43 46
102 46 5
101 43 46
102 43 2
103 44 4
102 43 51
102 43 0
102 43 51
102 43 50
102 43 2
102 43 49
99 43 52
103 43 0
106 43 50
100 42 49
156 45 55
7 6 1
2 0 3
0 0 1
0 1 0
50 0 1
0 1 0
51 43 51
51 1 5
6 43 51
51 1 0
0 44 5
53 0 49
0 40 50
43 0 0
47 39 0
0 0 0
3 1 1
0 0 0
6 2 1
51 42 47
147 84 51
47 0 0
111 88 51
103 44 52
145 77 46
0 0 0
62 48 56
140 34 44
54 50 3
95 34 48
8 7 4
155 92 107
99 81 47
103 90 59
204 169 148
151 127 101
153 127 101
56 4 6
104 87 100
104 87 54
154 34 45
101 43 3
156 88 47
156 88 2
105 91 54
155 90 0
105 87 55
109 46 1
105 46 47
101 46 4
103 43 47
102 46 55
98 44 0
153 85 48
154 82 45
153 85 50
153 128 50
152 88 2
51 47 0
51 0 6
51 46 46
50 38 4
56 5 0
50 41 5
50 0 0
51 0 56
50 43 0
56 4 45
51 39 6
57 0 45
50 38 5
101 5 1
50 42 50
56 5 1
106 43 1
50 38 50
107 2 1
96 46 50
55 42 1
97 1 50
56 43 1
97 0 1
107 44 50
51 46 1
102 43 55
101 1 0
106 43 55
102 42 46
102 43 0
102 43 51
102 43 0
102 43 55
102 43 1
103 43 46
102 43 5
152 43 51
97 43 0
100 42 55
108 46 6
13 3 4
0 0 0
0 0 0
1 1 0
47 0 50
7 1 0
47 0 50
0 1 1
1 0 0
0 1 1
0 0 0
45 0 0
45 37 49
44 40 1
101 39 46
51 43 46
93 39 46
42 0 0
98 44 51
40 35 45
50 45 55
110 46 50
144 79 96
0 2 0
105 43 51
109 94 57
185 113 93
0 0 0
159 125 100
95 35 43
157 128 102
41 0 0
62 47 54
103 45 52
54 3 0
157 93 108
151 121 146
149 127 102
91 72 89
145 77 97
104 90 53
148 122 95
99 79 43
103 41 50
103 44 46
102 46 2
107 5 52
102 47 1
51 42 45
101 42 56
103 43 0
99 41 52
99 39 1
149 81 47
153 85 101
150 126 100
153 85 54
154 87 2
153 85 45
51 0 50
100 43 0
52 1 55
51 47 0
50 0 46
56 5 0
51 41 50
51 0 1
51 45 0
50 0 56
51 47 0
46 42 56
51 47 0
57 0 49
51 46 2
46 0 49
55 43 49
52 47 2
50 38 49
106 0 2
50 46 49
106 38 2
46 43 49
102 42 46
52 43 5
100 0 46
101 43 4
105 38 47
51 43 4
102 46 52
101 42 0
102 43 51
102 43 50
102 43 1
102 43 49
98 43 51
102 43 0
107 43 50
155 43 51
105 46 0
9 1 0
0 0 0
46 0 47
47 42 0
0 0 46
51 39 5
0 0 46
51 42 5
98 41 49
49 42 50
101 41 49
91 80 47
98 76 42
147 85 101
102 87 49
60 47 55
54 45 55
111 47 55
105 83 100
53 0 1
105 88 55
54 3 4
57 44 54
161 86 57
141 75 95
56 43 50
101 0 0
217 180 111
188 116 92
105 89 101
145 157 98
57 49 52
99 82 47
1 2 53
101 83 51
53 40 49
153 81 99
199 248 203
205 129 100
193 163 148
199 204 198
50 0 0
208 133 158
150 126 99
148 121 95
149 82 54
99 40 43
99 32 0
101 42 48
98 44 56
103 44 1
98 40 46
149 82 51
148 85 45
154 86 52
153 85 56
200 127 100
154 86 5
149 123 45
154 83 56
51 41 7
58 2 46
47 37 5
51 5 0
52 39 57
0 0 0
52 6 7
51 38 44
51 5 0
51 43 1
51 0 50
101 2 0
52 0 0
45 43 7
52 1 44
101 43 6
51 43 3
47 5 48
104 48 3
55 41 48
51 1 7
55 47 44
101 43 7
105 2 51
95 43 0
57 41 51
105 43 0
56 48 51
100 42 0
101 1 50
106 47 1
102 43 50
102 43 7
102 43 44
101 42 2
152 43 55
102 43 0
99 43 55
60 42 2
56 5 49
0 37 47
46 1 0
57 38 52
51 5 0
50 42 56
55 47 0
99 42 56
54 5 0
13 5 2
2 5 7
8 5 6
114 53 52
107 90 106
112 47 56
56 9 2
0 4 4
5 4 4
9 4 4
10 10 12
102 82 48
11 9 5
5 0 0
4 4 5
63 90 53
109 89 57
44 42 55
98 113 91
67 16 9
166 134 108
103 89 108
206 182 107
94 77 99
103 46 52
0 0 5
104 47 50
5 5 6
114 91 109
207 186 161
115 94 108
254 208 202
210 181 162
105 82 49
105 85 54
150 126 103
156 128 150
151 81 44
149 79 99
144 123 92
141 72 42
101 42 3
98 40 44
153 85 57
154 86 50
160 46 58
153 85 51
153 85 49
205 166 148
150 82 0
204 130 56
149 123 1
52 6 0
45 37 56
102 48 0
52 0 49
46 43 0
95 43 51
46 0 0
51 48 57
52 0 0
51 3 43
51 40 8
59 37 49
46 40 49
102 3 0
46 37 57
59 3 0
47 42 44
102 0 7
9 1 44
49 6 7
51 38 0
51 4 56
58 43 0
57 41 54
107 43 0
50 6 55
57 43 0
49 0 55
54 47 0
105 38 56
53 1 0
101 42 56
102 43 0
102 43 57
107 47 49
107 43 0
101 42 51
104 42 0
53 47 49
48 0 2
46 48 51
57 0 1
0 47 50
54 0 0
8 5 6
0 4 0
13 5 5
5 0 0
0 0 48
50 0 0
48 0 0
0 0 51
56 47 8
59 45 53
54 0 49
48 0 0
0 0 0
0 0 0
0 0 0
12 11 7
0 0 0
0 0 0
0 0 0
2 8 5
107 50 53
104 46 0
150 137 108
0 0 0
104 92 56
59 8 10
116 54 55
107 92 57
101 82 51
0 0 0
60 45 56
0 0 0
5 5 11
165 92 108
57 8 11
215 225 165
120 97 113
4 4 2
192 124 142
201 168 101
149 165 153
198 161 143
150 126 105
205 128 102
250 205 192
146 75 38
153 85 57
105 46 0
153 85 56
99 77 0
153 85 51
153 85 50
204 171 155
199 124 46
155 124 6
202 132 43
46 0 50
101 45 5
53 0 46
47 39 7
101 47 49
55 3 2
101 39 50
52 1 1
46 42 1
52 37 58
51 7 0
46 45 2
100 7 8
54 37 50
100 49 1
46 37 1
101 47 52
53 39 0
37 37 52
52 0 0
52 45 45
46 0 6
50 42 45
45 3 7
57 43 44
46 0 2
46 43 49
51 41 2
95 2 50
56 45 1
95 37 50
107 47 1
101 43 50
101 42 1
52 1 2
105 43 49
104 46 2
61 47 49
0 1 2
56 43 49
52 0 55
1 41 0
49 5 56
5 0 0
0 0 0
48 0 49
0 0 0
0 0 0
52 1 8
1 0 52
0 0 0
141 81 51
49 42 41
0 6 7
3 0 2
8 1 1
2 1 1
3 1 0
4 2 1
0 0 0
47 0 45
2 1 1
50 1 0
0 0 0
12 4 7
12 5 48
113 56 61
0 0 0
104 46 48
5 0 0
58 43 54
56 10 54
107 49 50
3 1 1
1 7 1
2 1 1
43 36 0
60 49 60
1 0 0
119 65 64
4 7 6
90 75 47
168 97 113
164 136 106
195 172 155
210 176 155
203 126 98
155 164 146
213 180 165
196 162 145
107 48 4
145 79 48
154 85 3
194 124 87
154 86 52
152 84 55
204 170 154
206 130 53
202 169 0
160 89 58
101 42 3
54 43 0
99 41 52
96 45 0
55 1 3
98 36 48
55 44 3
46 37 47
101 7 0
46 45 1
52 0 50
95 43 47
60 0 0
93 45 3
60 2 48
95 44 0
55 2 56
98 44 0
103 45 56
46 42 0
47 43 58
101 0 0
46 47 58
101 36 0
45 43 58
101 42 43
96 43 8
52 3 43
104 36 3
50 43 48
104 45 3
52 1 48
106 43 3
107 47 48
99 41 47
51 42 3
62 6 48
0 1 3
97 40 48
1 2 3
56 41 7
48 6 49
3 0 1
0 0 0
50 1 50
8 0 8
0 1 1
3 1 1
0 0 0
82 29 0
86 73 44
70 14 51
52 43 57
43 0 0
40 38 47
0 0 0
0 0 0
0 0 50
0 0 0
0 0 0
51 39 58
0 0 0
7 0 1
0 2 0
0 0 0
0 0 9
55 0 0
3 1 1
57 42 56
0 1 0
2 2 1
53 0 2
54 43 56
0 0 0
42 0 48
0 0 0
52 46 50
50 1 0
41 39 44
7 0 4
44 0 42
67 55 9
64 8 59
104 90 56
220 140 112
153 132 155
156 165 147
202 177 162
203 164 146
255 173 151
141 72 36
160 87 9
148 85 37
169 134 116
148 82 47
158 88 6
204 171 149
204 124 51
156 130 49
151 83 2
55 3 47
99 43 0
55 4 55
103 43 0
94 40 47
61 45 4
94 47 47
101 45 10
55 0 43
101 43 48
47 42 3
109 43 10
45 42 50
109 43 48
45 36 3
109 47 50
94 36 1
61 47 50
55 43 2
101 4 49
96 43 2
55 38 49
101 2 2
55 45 50
96 43 1
55 4 53
104 43 0
46 36 53
102 49 47
47 43 4
101 42 47
99 40 4
59 43 47
53 2 4
53 4 10
103 46 48
0 0 3
43 40 48
11 7 3
47 39 47
2 3 0
3 0 8
48 42 48
0 0 0
3 0 3
0 0 0
45 0 0
0 0 0
85 32 44
157 129 90
115 95 57
41 0 51
46 42 6
53 42 45
97 45 8
41 38 45
89 38 50
89 39 3
134 73 50
85 34 45
88 41 2
81 31 45
31 35 0
38 0 45
38 39 50
0 0 0
53 42 48
0 0 0
53 44 2
43 0 51
41 38 48
39 36 43
91 36 4
130 31 45
90 76 6
81 30 45
88 41 4
45 33 43
94 41 58
33 33 0
45 35 53
0 1 0
4 0 6
108 50 53
59 47 55
205 130 114
198 168 151
152 126 95
200 213 204
212 171 201
200 162 144
105 86 0
202 85 107
97 87 3
202 123 94
104 49 0
205 166 196
203 168 51
201 167 10
153 85 41
93 40 10
56 43 43
93 35 8
107 43 43
104 4 10
45 43 41
104 2 10
54 42 0
93 37 59
56 43 4
95 4 47
53 43 0
95 4 5
53 43 4
95 45 47
53 2 3
104 45 48
45 2 3
93 43 42
56 35 9
104 43 42
93 45 10
56 36 41
93 43 5
104 43 46
93 35 51
102 43 0
101 45 51
101 1 9
93 43 42
107 48 9
56 4 42
45 43 9
92 34 42
103 34 0
12 7 5
42 36 46
52 3 4
45 0 47
12 9 10
41 39 43
46 0 0
5 3 4
50 1 1
47 42 47
0 0 0
52 36 48
91 36 43
115 88 57
72 20 68
8 12 7
101 38 51
99 47 0
52 4 53
109 42 0
97 45 53
106 45 3
106 40 47
159 93 3
150 81 53
192 79 42
195 117 53
185 77 44
137 75 52
137 42 6
80 30 44
39 2 6
86 35 50
39 41 43
89 30 0
90 38 6
184 78 55
144 117 37
203 117 53
192 85 36
195 123 54
192 76 42
135 82 53
149 79 2
143 81 43
141 81 51
82 33 50
0 0 0
14 4 7
140 83 48
110 90 49
166 180 167
241 197 233
248 169 152
203 166 164
206 170 153
140 80 44
162 85 10
193 119 90
163 130 108
145 41 0
199 211 210
208 134 50
158 131 0
153 86 57
103 3 0
92 43 59
104 45 0
54 43 59
102 35 0
95 43 59
102 35 0
98 48 50
104 45 1
92 43 47
104 35 4
93 43 50
104 35 40
93 43 47
104 43 4
93 35 47
102 43 5
95 35 46
104 43 53
92 45 0
102 43 53
104 43 0
92 45 59
104 43 40
102 43 11
104 45 50
102 43 1
55 42 50
106 40 0
117 43 52
54 2 0
91 35 52
94 43 0
107 49 52
13 50 48
39 0 41
53 49 10
55 40 47
6 0 4
0 0 0
58 8 58
11 1 2
41 39 46
4 0 0
4 3 4
48 0 48
55 49 9
67 49 58
14 14 7
0 0 0
44 0 0
55 45 50
60 6 2
45 35 49
54 49 2
104 43 49
103 43 47
103 84 5
152 44 47
155 87 49
208 88 53
208 136 51
216 127 53
201 84 56
201 75 36
194 118 53
182 67 36
146 77 6
182 76 48
191 118 91
186 116 36
211 124 45
199 132 101
206 136 51
208 122 101
208 90 45
208 124 53
201 82 51
151 88 42
153 88 59
153 87 51
152 77 5
42 38 44
0 0 0
78 15 57
157 87 103
107 62 17
225 227 231
253 241 238
199 207 141
205 208 198
196 126 52
152 86 46
165 135 57
146 129 59
151 67 28
252 177 157
160 130 57
194 166 43
154 81 8
108 39 48
105 43 3
102 43 49
92 43 2
102 45 49
104 43 2
102 45 49
57 3 6
102 43 45
105 43 6
102 45 47
105 43 4
102 45 59
105 43 4
102 43 47
105 45 4
102 43 41
104 45 12
102 43 49
105 43 2
102 43 49
102 43 49
105 43 2
102 43 59
102 43 0
102 43 57
101 42 0
96 48 57
62 5 0
0 43 57
91 33 0
109 44 57
109 42 0
64 8 57
38 3 11
54 35 52
51 8 0
11 5 4
41 41 47
97 40 49
8 0 8
0 0 0
52 9 10
48 43 49
45 38 45
10 0 10
8 6 0
5 6 8
0 0 0
46 1 46
11 41 0
96 42 57
50 0 0
99 45 56
92 0 0
103 44 57
97 44 4
97 46 41
153 82 4
153 85 57
204 80 51
204 86 51
156 94 51
205 125 3
206 122 101
208 132 51
211 126 101
198 123 36
212 119 100
208 132 58
255 132 103
203 130 99
206 128 62
204 89 52
204 130 62
204 124 99
204 130 52
206 126 51
195 80 54
196 81 3
196 86 51
150 122 41
86 41 53
0 0 0
0 0 3
17 50 14
101 33 36
115 108 71
255 234 229
252 214 243
198 209 199
218 96 59
147 79 0
152 89 99
196 124 46
195 198 192
213 170 158
151 93 3
207 138 59
147 121 0
55 5 12
102 43 40
102 43 5
105 43 46
102 43 5
102 43 46
102 43 6
91 34 39
102 43 12
102 43 39
102 43 6
102 43 45
103 43 3
102 43 46
102 43 5
102 43 46
102 43 54
102 43 0
102 43 57
102 43 0
102 43 57
102 43 6
102 43 45
102 43 3
102 43 49
102 43 2
107 48 49
63 3 2
36 33 49
133 43 2
108 49 49
59 48 2
59 48 49
1 0 2
54 34 0
51 49 55
51 0 0
0 33 46
52 4 5
17 10 5
0 1 0
49 42 49
58 0 0
0 0 5
11 9 11
0 0 0
0 0 0
0 0 0
0 0 0
11 0 11
0 9 0
62 47 2
45 0 43
63 43 8
105 78 43
96 38 2
145 39 46
145 80 52
153 48 46
153 85 4
203 125 50
203 123 51
193 78 51
210 95 40
204 134 61
204 128 51
203 130 63
206 130 95
197 169 56
204 128 95
214 128 57
204 128 62
204 128 45
205 115 46
204 128 44
204 90 63
204 128 45
204 90 51
213 126 51
206 120 40
206 80 51
195 135 54
194 78 51
1 0 1
88 36 39
78 41 38
93 76 53
97 44 44
127 108 80
212 214 220
250 255 254
109 75 0
202 132 96
147 115 53
205 161 85
214 189 128
206 139 74
153 78 40
204 121 2
202 130 49
91 33 0
102 43 52
102 42 46
102 43 5
101 42 46
102 43 5
102 43 39
105 45 59
102 43 0
102 43 60
102 43 38
102 43 13
96 43 40
102 43 5
102 43 46
102 43 5
102 43 51
102 43 47
102 43 4
102 43 48
102 43 3
102 43 39
102 43 12
102 43 40
102 42 5
101 42 44
61 3 7
42 33 46
145 49 5
75 42 44
66 8 7
48 2 44
47 2 5
40 41 46
52 45 41
51 8 10
51 35 41
96 51 7
58 38 46
35 0 46
0 0 0
7 0 5
0 0 0
91 76 44
0 0 0
0 0 0
0 0 0
0 0 0
0 0 0
0 0 0
0 0 0
47 7 46
99 36 52
42 42 0
102 15 52
150 83 46
156 78 7
156 53 57
153 75 5
153 84 40
209 95 57
210 95 51
207 126 51
157 77 54
204 93 48
204 128 51
204 127 42
204 128 109
251 137 97
204 128 63
201 128 89
204 128 50
204 128 86
198 164 93
204 128 92
204 118 42
204 128 99
204 118 51
157 91 51
204 134 54
204 126 51
207 88 51
167 87 51
0 1 0
67 46 60
105 42 54
160 96 56
101 40 52
96 41 0
211 184 162
220 191 178
181 156 124
160 48 9
200 164 131
210 181 164
150 124 86
162 90 0
153 126 55
204 167 46
158 128 7
105 46 47
102 43 57
102 50 7
101 43 45
108 48 6
102 43 45
102 43 53
102 43 10
102 43 41
102 43 4
102 43 59
102 43 0
149 43 53
103 43 45
102 43 7
102 43 44
102 43 51
102 43 12
102 43 39
102 43 6
102 43 45
102 43 53
102 43 0
102 43 54
99 47 44
107 48 14
42 33 37
96 44 6
75 8 45
50 47 12
2 0 37
51 37 14
58 38 45
54 5 6
43 42 59
52 0 0
52 52 60
19 2 37
0 6 6
62 41 7
80 34 40
37 75 44
91 39 47
24 20 12
0 0 0
0 0 0
0 0 0
0 0 0
0 0 0
0 0 0
0 0 0
58 0 6
57 45 57
99 48 0
102 30 57
108 48 6
153 87 39
153 42 3
152 86 45
153 90 54
162 82 3
156 82 50
204 90 51
191 125 51
204 77 51
204 127 51
204 133 98
204 128 61
216 126 57
204 128 49
204 128 110
204 128 45
204 128 156
251 176 105
205 128 111
204 131 98
204 128 58
204 131 51
192 118 52
204 94 51
204 91 51
204 118 51
150 85 51
43 0 48
41 37 4
113 47 49
24 10 9
107 49 50
94 68 87
121 102 112
159 130 106
210 175 161
190 142 119
166 176 164
157 97 22
239 194 185
150 83 46
154 92 46
204 139 9
197 127 37
102 43 14
101 42 3
102 0 37
109 43 6
56 4 45
102 43 6
102 42 57
101 43 0
103 43 60
102 43 37
102 43 11
102 43 40
115 43 57
94 43 6
102 43 38
102 43 13
102 43 51
102 43 0
102 42 54
102 43 45
102 43 6
103 43 57
102 43 0
101 42 49
112 8 14
61 3 0
96 44 59
69 47 45
43 0 6
12 10 0
39 34 59
51 12 0
6 7 6
52 39 45
107 50 11
46 35 42
44 0 3
39 40 62
78 33 45
0 5 37
118 50 59
59 21 13
26 11 13
0 0 0
0 0 0
0 0 0
0 0 0
0 0 0
0 0 0
0 0 0
0 0 0
3 0 43
94 43 5
59 3 46
102 46 5
145 80 45
152 83 53
153 38 45
158 89 6
153 47 51
150 84 45
196 85 58
203 121 50
214 96 51
204 126 51
204 132 51
204 89 65
204 127 42
201 128 96
205 128 46
204 128 62
204 128 99
204 127 73
217 136 100
197 128 54
204 126 64
204 128 89
204 128 51
207 129 44
204 78 51
204 117 52
204 131 51
152 85 51
47 35 8
96 80 37
13 8 56
39 34 0
61 4 58
160 135 65
96 47 65
147 129 97
202 167 151
212 176 161
145 137 113
191 111 70
220 222 213
153 87 9
148 113 94
203 119 31
166 134 61
102 43 0
109 49 44
102 70 60
56 42 44
89 32 8
102 43 43
102 49 5
109 43 48
94 43 3
102 43 61
100 42 0
102 43 61
99 43 4
155 43 44
102 43 53
102 43 0
102 43 49
102 43 2
102 49 49
102 43 7
102 43 44
94 43 4
100 42 47
106 47 56
21 0 0
46 36 46
70 47 10
9 9 7
58 2 43
0 0 0
56 51 11
53 0 41
29 31 44
44 0 7
5 0 0
90 44 52
98 76 44
35 0 0
112 39 7
89 36 60
20 8 10
10 0 0
0 0 0
1 1 0
0 0 0
0 0 0
0 0 0
0 0 0
0 0 0
0 0 0
0 0 0
43 0 14
65 42 38
87 37 13
102 43 38
117 49 7
158 91 57
151 81 8
114 53 44
153 73 49
153 89 7
167 85 5
211 97 58
158 83 51
204 91 53
204 95 51
204 115 41
204 134 99
204 128 59
197 128 90
204 128 43
206 128 58
204 134 46
201 126 109
250 128 95
204 134 48
204 128 104
204 127 51
204 133 97
204 120 51
204 131 44
204 128 51
158 84 51
96 44 37
70 58 60
40 0 10
8 12 0
48 30 4
30 31 54
101 41 3
167 100 116
209 179 157
163 175 157
194 121 94
207 165 141
200 177 168
153 81 32
194 163 97
211 172 100
150 88 5
102 43 41
57 6 8
102 57 12
88 49 8
106 46 37
102 43 16
102 5 35
57 43 7
154 43 44
102 43 4
109 49 47
102 43 4
102 43 44
71 43 8
102 42 57
102 43 0
102 43 58
102 43 0
102 5 58
102 43 43
102 43 8
151 42 42
106 47 7
67 9 11
0 0 46
58 13 16
9 9 0
0 0 43
6 0 16
32 33 39
42 3 0
43 33 53
108 45 8
98 75 43
126 76 41
112 48 57
58 14 9
188 107 82
66 85 42
28 12 10
0 0 0
0 1 0
1 0 0
0 0 0
0 0 0
0 0 0
0 0 0
0 0 0
0 0 0
0 0 0
0 0 0
14 0 0
47 47 53
112 8 0
102 43 55
92 78 43
114 48 4
160 56 37
94 36 9
153 94 58
153 53 43
151 85 37
159 82 6
190 81 53
204 123 46
204 78 53
204 137 98
204 91 60
204 128 88
249 127 110
204 128 92
197 128 94
204 90 46
206 128 57
218 128 59
204 90 51
204 127 107
204 134 51
204 88 65
204 131 51
204 128 96
204 128 51
113 89 49
63 47 53
7 6 10
15 0 0
43 0 47
51 52 44
25 0 6
112 46 39
62 46 10
164 104 120
151 133 114
207 160 143
202 172 208
204 173 111
153 118 93
206 177 154
157 102 68
155 122 37
104 44 54
87 24 41
102 40 0
106 5 43
102 43 53
102 44 0
102 31 62
87 43 43
72 43 8
102 43 43
57 5 8
102 43 43
102 43 10
84 43 41
102 49 6
100 43 45
102 43 6
102 43 47
102 31 4
100 42 8
99 42 43
82 48 15
69 10 41
8 0 0
2 1 16
4 0 0
0 0 0
40 0 8
35 32 0
108 52 61
104 36 47
106 53 58
18 52 44
62 17 11
79 15 54
58 8 6
97 66 36
88 71 69
8 22 15
0 0 0
1 0 0
0 0 0
0 0 0
0 0 0
0 0 0
0 0 0
0 0 0
0 0 0
2 0 0
0 0 0
0 0 0
0 0 0
50 10 56
53 29 0
100 43 51
147 55 8
92 72 43
108 36 55
142 76 36
155 48 6
155 36 10
148 86 56
189 87 36
208 120 47
204 89 91
204 120 47
206 91 62
204 110 87
206 129 106
219 135 65
206 129 107
249 129 62
206 117 92
197 129 87
200 129 95
204 116 53
204 134 64
204 90 53
204 121 47
204 126 51
204 127 66
204 128 54
100 54 58
53 10 56
0 0 0
0 0 0
10 0 8
53 6 10
95 73 36
42 31 48
122 65 77
148 74 52
148 158 93
204 178 156
211 170 122
202 132 92
153 138 112
211 137 72
196 108 37
148 94 58
95 37 51
106 89 17
102 43 38
102 30 10
102 43 56
102 37 39
102 46 4
106 43 10
83 43 42
102 43 10
87 30 41
102 43 10
102 43 34
106 43 17
100 4 34
107 43 17
100 42 34
100 43 8
100 45 43
107 49 42
115 48 9
5 10 0
2 0 17
0 0 0
0 0 0
43 39 47
48 2 45
54 39 42
62 52 47
16 5 4
16 9 10
8 0 6
55 0 2
76 50 27
82 65 51
81 20 36
46 53 55
82 35 45
0 0 0
1 0 0
0 0 0
0 0 0
0 0 0
0 0 0
0 0 0
0 0 0
0 0 0
0 0 0
0 0 0
0 0 0
0 0 0
0 0 2
56 0 12
98 51 45
106 42 49
114 39 41
144 91 9
133 73 49
152 85 53
141 70 34
146 77 35
190 79 44
206 79 55
204 125 83
206 147 105
204 126 86
197 111 81
206 171 109
197 123 103
200 86 37
199 125 96
219 125 82
199 127 100
249 123 107
206 123 54
206 133 46
204 92 42
204 115 46
204 94 51
204 134 51
202 133 49
204 129 38
97 36 6
12 0 12
0 0 0
2 0 0
35 3 42
44 23 35
103 51 53
181 117 95
165 136 78
159 122 93
190 171 137
204 133 153
159 171 135
211 163 147
155 84 57
159 127 84
163 164 130
192 110 38
146 79 49
102 19 0
102 43 60
104 48 35
102 43 14
102 79 53
102 43 42
102 43 33
106 43 11
102 43 33
106 46 18
100 42 33
102 43 62
102 43 0
109 36 62
64 42 0
109 49 62
108 43 42
106 47 9
62 5 9
19 12 42
0 0 2
44 3 0
4 1 2
40 32 37
11 7 10
2 0 16
52 9 11
6 4 9
68 29 42
69 29 35
119 66 33
202 144 86
163 138 105
110 55 51
140 113 55
178 74 49
74 48 57
0 1 0
0 0 0
0 0 0
0 0 0
0 0 0
0 0 0
0 0 0
0 0 0
0 0 0
0 0 0
44 0 0
0 0 0
0 0 0
0 0 0
14 0 0
31 10 18
71 49 57
111 49 18
131 58 42
174 97 57
169 94 56
214 98 61
192 79 53
210 120 95
208 122 51
201 161 148
197 175 102
204 159 137
250 163 143
197 132 89
248 160 96
206 146 128
241 154 140
200 152 136
238 157 137
218 157 94
194 157 130
195 120 89
202 106 88
201 130 88
201 111 51
199 87 49
211 97 47
206 126 137
140 75 37
0 0 0
0 0 0
0 0 2
55 0 11
95 87 53
107 82 58
100 70 65
119 28 1
113 103 67
210 176 175
202 156 151
188 163 149
160 137 120
147 151 86
188 125 102
188 172 160
208 162 134
119 57 57
102 27 38
102 43 14
95 37 55
102 43 0
104 57 58
102 43 10
102 43 62
101 43 34
102 43 61
101 43 0
109 50 62
102 43 7
102 43 46
57 10 5
49 49 46
57 6 5
64 42 12
73 12 39
56 35 41
31 0 10
0 0 0
4 0 37
0 0 0
47 46 62
37 36 34
88 41 0
45 28 34
37 36 41
119 48 12
109 46 55
89 59 61
107 59 28
38 38 31
85 68 51
173 111 49
107 62 57
9 11 13
0 0 0
0 0 0
0 0 0
0 0 0
0 0 0
0 0 0
0 0 0
0 0 0
0 0 0
2 0 2
17 0 0
0 0 0
3 1 2
3 1 45
0 3 2
0 0 0
5 6 15
21 6 0
18 9 12
40 21 13
41 22 13
56 21 13
187 131 56
175 108 68
170 96 49
215 151 124
246 172 100
206 173 200
213 173 163
249 186 185
221 173 138
197 176 160
255 208 155
201 212 204
255 181 168
201 180 142
255 180 120
248 166 104
205 177 110
214 130 111
215 141 51
223 131 58
156 73 79
197 149 111
157 88 50
1 0 1
0 0 0
36 0 0
49 67 32
66 24 56
62 19 6
39 35 54
60 29 42
106 50 47
175 118 31
208 175 157
205 210 202
184 153 89
189 145 106
208 153 132
208 170 152
202 177 122
98 39 15
100 40 53
102 43 0
145 77 50
102 43 44
93 39 8
102 43 40
102 43 6
104 43 55
102 43 13
102 43 38
59 1 6
102 43 34
100 43 10
90 27 41
44 7 12
90 27 39
47 49 33
0 0 20
1 9 11
56 32 40
32 38 37
76 67 62
80 38 45
94 43 6
41 3 55
17 0 0
90 49 57
42 4 12
51 38 33
107 43 50
42 45 15
0 0 27
17 0 0
194 99 49
40 19 57
1 8 14
0 0 0
0 0 0
0 0 0
2 0 0
0 0 0
0 0 0
0 0 0
2 0 0
0 0 0
0 0 0
0 0 0
0 0 0
3 1 2
0 0 0
0 0 12
40 0 0
24 0 36
25 27 0
28 28 47
21 0 31
0 0 0
0 0 0
0 0 0
43 41 17
83 20 47
119 94 58
128 61 59
227 145 108
198 168 167
243 168 108
214 225 167
200 171 166
249 168 150
223 188 157
217 164 138
151 113 78
188 118 131
154 118 110
204 122 106
187 80 71
138 110 64
131 67 51
89 30 10
207 134 162
245 237 169
152 85 86
0 0 0
0 1 2
62 0 43
58 67 63
54 0 15
53 30 39
51 49 7
48 11 12
58 39 50
83 12 33
171 148 120
215 157 131
218 182 150
213 123 101
202 208 198
203 170 155
211 140 99
103 43 0
111 85 58
102 43 43
120 65 51
102 43 20
152 43 31
102 43 13
102 43 40
93 43 49
102 43 0
102 44 55
85 63 40
100 43 54
109 43 40
71 53 11
95 28 32
68 52 20
52 6 54
83 30 0
75 33 40
50 45 11
90 10 53
72 60 8
73 10 11
71 43 40
136 69 49
106 98 87
97 29 41
128 62 32
126 72 54
65 43 51
54 8 0
120 74 63
105 72 36
100 17 57
0 0 14
0 0 0
2 0 1
0 0 0
0 0 0
0 0 0
0 0 0
0 0 2
0 0 0
0 0 0
0 0 0
0 0 0
44 0 44
2 1 2
0 0 0
81 31 44
75 32 32
46 65 35
138 71 62
109 54 45
63 45 5
106 39 64
31 0 0
43 0 1
0 0 0
0 0 0
0 0 52
58 13 8
98 42 53
158 85 64
238 173 160
223 175 137
244 181 192
205 164 101
215 176 157
165 142 124
126 55 57
39 42 42
24 11 26
44 11 22
21 12 73
26 33 5
46 5 47
90 33 53
65 48 27
87 31 42
229 239 222
150 84 112
0 0 0
0 0 0
8 0 18
10 4 8
11 0 0
18 18 20
58 13 39
50 26 31
90 50 58
0 26 14
120 63 69
130 96 99
136 112 91
165 132 100
210 188 175
202 170 144
161 120 97
102 43 35
53 16 7
102 43 20
96 0 51
102 42 0
79 43 63
102 43 30
102 43 14
151 43 58
102 43 0
102 37 50
98 62 12
108 42 58
60 43 12
39 7 39
62 46 56
54 13 0
51 33 58
31 51 43
74 11 14
51 49 39
111 25 58
55 45 31
47 27 39
39 43 14
90 26 58
137 78 32
151 121 100
132 64 56
124 92 58
49 43 51
44 27 44
93 26 8
35 31 62
44 29 15
2 1 0
1 1 1
0 0 0
0 0 0
0 0 0
42 0 0
0 0 0
0 0 0
0 0 0
42 0 0
0 0 0
0 0 0
11 0 11
0 0 0
72 31 36
68 46 11
103 40 56
103 69 62
95 31 7
12 0 11
12 50 74
30 6 0
102 103 72
36 42 8
95 37 49
154 99 80
70 25 49
76 60 32
73 13 15
167 127 54
255 142 80
198 139 135
216 167 163
204 204 180
241 134 124
145 90 56
121 67 48
138 79 63
76 32 0
97 30 34
69 28 8
72 50 39
121 91 53
129 65 42
179 116 92
114 46 18
157 156 139
168 92 67
0 0 0
0 35 42
32 1 0
25 20 31
26 31 37
0 0 0
11 0 21
58 53 63
72 8 9
77 47 32
58 39 6
99 53 73
63 59 4
158 106 109
168 144 121
211 169 201
184 157 135
102 43 63
124 63 39
102 43 0
110 61 49
102 49 44
76 43 7
104 43 63
100 43 29
82 43 9
102 43 43
100 77 49
150 39 38
68 49 9
81 43 38
92 25 13
88 49 49
9 0 44
51 12 9
34 14 20
46 26 31
51 7 13
66 53 9
3 9 63
44 46 13
93 43 31
36 28 8
53 34 26
82 34 29
55 32 50
104 63 9
44 42 49
93 47 14
41 21 30
0 0 7
17 18 0
0 0 1
0 0 0
42 0 2
0 0 0
0 0 0
20 0 0
0 0 0
2 0 42
0 0 0
20 0 0
2 0 0
0 0 2
38 1 38
30 30 43
110 46 55
81 44 38
144 78 49
16 0 9
3 0 39
111 68 38
21 3 75
17 57 82
52 71 112
166 199 217
243 227 242
179 103 69
113 82 58
147 56 54
11 0 0
48 43 9
195 104 50
211 130 18
241 168 194
204 190 148
224 160 56
182 113 85
209 89 52
71 42 0
31 8 22
39 19 22
71 36 19
59 21 27
162 103 44
215 136 100
219 171 105
150 117 93
187 82 46
72 49 44
0 0 0
2 18 21
62 0 0
99 89 63
88 45 54
79 38 44
24 31 0
11 7 9
39 25 30
71 45 57
77 34 34
86 49 22
31 0 23
106 39 62
150 84 50
161 175 135
216 178 169
102 44 9
127 30 13
102 43 43
61 64 59
102 8 13
115 42 38
94 44 9
110 43 62
69 44 31
100 43 14
110 60 59
80 44 15
39 8 29
114 43 15
79 53 38
72 7 57
38 36 14
51 25 29
16 0 0
50 46 54
51 32 38
47 7 29
72 26 9
92 49 38
73 43 54
87 13 38
90 45 57
68 51 26
81 77 51
60 0 29
92 49 59
73 42 30
52 54 63
44 0 38
0 0 1
0 0 0
0 0 0
22 0 0
0 0 0
0 0 0
0 0 0
0 0 0
0 0 20
0 0 2
0 0 0
0 0 0
0 0 0
15 0 13
89 47 14
101 42 49
109 37 15
116 55 59
103 55 31
20 0 15
94 24 15
119 56 47
121 88 29
151 86 93
168 123 159
226 175 120
181 108 79
92 52 8
126 77 56
0 1 2
0 0 37
74 25 10
169 98 35
225 180 145
204 142 57
199 138 81
249 127 99
126 86 53
155 137 122
56 56 139
0 0 0
85 108 134
151 171 210
153 117 94
86 36 33
162 110 100
228 163 104
201 141 117
108 88 75
2 0 0
0 0 0
25 20 37
63 18 8
119 47 58
70 6 14
98 48 36
23 25 31
94 55 63
73 32 43
142 100 48
206 211 196
158 115 120
168 121 76
146 144 122
190 140 99
159 138 81
102 38 30
96 19 35
100 43 15
81 38 9
102 27 37
59 49 16
142 37 30
62 43 17
148 37 56
110 43 28
60 37 11
82 43 28
94 25 64
59 42 28
7 8 16
46 32 18
16 13 28
51 46 64
28 35 0
59 49 58
51 13 14
52 30 64
77 47 29
70 8 14
40 43 58
105 25 16
65 35 49
154 66 57
113 59 49
85 64 62
75 10 11
40 44 56
51 8 10
13 34 14
1 1 0
0 0 0
0 0 0
0 0 40
0 0 0
0 0 0
1 0 0
2 0 0
40 0 0
0 0 0
1 0 0
40 0 0
0 0 40
28 34 35
112 42 29
102 43 59
94 78 28
131 67 11
129 93 56
125 57 29
63 49 29
203 88 44
194 113 59
218 170 141
220 135 126
198 148 66
206 136 113
148 78 38
70 32 17
1 0 0
43 2 22
45 0 38
149 88 15
199 113 58
204 96 48
205 163 113
224 153 140
161 80 45
171 120 53
141 89 86
51 15 23
88 96 119
219 165 162
147 92 68
133 36 12
183 106 110
229 151 109
244 178 170
190 193 177
0 1 0
33 34 44
195 103 48
86 54 38
26 15 9
78 57 29
65 37 54
98 54 56
64 2 10
147 104 91
157 140 92
255 238 242
210 179 194
212 214 140
195 158 139
176 132 72
197 136 50
100 68 55
103 54 24
110 43 27
107 44 37
102 41 16
88 9 27
124 76 56
80 43 0
121 76 50
61 42 62
86 50 29
74 42 62
65 47 10
86 49 64
21 25 29
52 13 0
29 23 64
49 47 9
64 20 41
11 8 10
51 23 36
49 19 9
43 41 62
53 30 36
84 43 11
107 47 29
84 81 57
87 37 49
67 45 59
82 39 18
34 20 29
84 37 50
51 23 28
35 18 35
0 0 0
0 0 0
0 0 0
41 0 22
0 0 0
0 0 0
0 0 0
0 0 0
22 0 1
0 0 40
0 0 0
22 0 0
0 0 22
62 18 22
67 42 56
102 43 10
143 55 64
158 89 29
122 84 50
161 92 56
174 94 56
167 112 92
215 130 111
202 145 131
238 151 126
203 146 108
215 104 67
91 28 15
6 0 0
2 0 40
22 0 0
45 30 15
154 52 36
205 78 48
204 83 52
204 112 69
199 185 130
214 114 83
220 98 44
191 107 76
218 131 123
210 136 137
194 146 127
187 143 72
255 149 131
209 133 62
198 90 61
226 169 112
248 220 206
25 0 5
70 31 8
238 140 90
73 65 15
25 0 37
115 73 56
80 70 58
67 10 50
87 58 29
121 112 73
151 97 64
223 214 167
238 197 208
208 193 164
169 77 41
142 90 35
137 69 13
108 99 56
99 8 0
61 43 62
100 42 17
100 75 26
67 23 64
95 61 49
106 42 42
103 61 51
84 48 17
73 9 55
44 48 17
83 41 27
74 9 9
102 46 55
49 29 40
55 53 9
57 15 35
9 0 15
27 29 36
51 54 16
57 0 35
59 48 17
13 22 17
113 42 27
67 41 55
82 33 19
50 51 59
48 11 12
0 0 0
117 74 56
111 74 49
49 53 62
25 0 23
0 0 0
0 0 0
0 0 0
22 0 0
0 0 0
0 0 0
0 0 0
39 0 0
0 0 0
0 0 22
0 0 0
0 0 0
0 0 0
19 0 0
46 49 49
100 43 36
117 71 11
152 84 55
198 85 51
153 84 50
220 84 50
179 131 66
164 134 108
202 122 56
157 122 95
210 129 106
138 55 46
33 18 34
35 1 0
0 0 22
0 0 0
90 46 35
153 73 16
204 86 52
204 79 51
204 111 39
205 108 63
202 132 114
232 164 151
200 158 101
234 181 160
228 177 118
243 174 119
210 145 147
224 181 128
203 127 78
205 109 87
200 171 132
218 207 234
109 13 0
212 130 67
201 97 73
46 44 35
59 35 16
64 0 52
109 95 12
68 17 49
68 66 56
104 54 46
159 86 92
172 168 122
238 205 189
171 131 110
179 177 160
187 137 118
118 56 27
71 31 20
117 30 32
86 43 19
108 49 26
110 61 64
84 54 10
109 38 59
107 49 17
70 37 49
84 17 0
55 31 58
59 15 0
82 49 64
44 29 34
42 47 58
57 20 23
58 15 35
20 0 24
35 35 35
64 21 18
49 8 33
18 1 24
12 17 0
28 0 27
67 48 63
52 48 56
7 0 0
6 3 11
46 24 28
61 61 33
167 93 50
75 67 57
59 16 19
0 1 0
0 0 0
0 0 0
0 0 0
0 0 1
0 0 0
0 0 0
0 0 0
23 0 0
1 0 0
0 0 0
0 0 0
0 0 0
0 0 1
0 1 1
50 9 57
110 43 18
137 64 26
153 84 58
175 85 51
145 85 51
164 85 51
217 134 84
181 94 62
212 134 84
189 134 109
171 100 77
91 34 50
91 53 25
24 0 39
31 0 0
1 0 39
74 49 16
151 56 35
204 85 51
204 118 51
204 99 90
204 111 47
206 127 63
198 153 131
242 178 138
197 165 156
237 174 135
227 176 135
196 156 126
200 142 96
204 128 115
204 139 67
199 166 153
239 240 255
233 128 98
237 156 81
177 85 44
52 11 18
44 14 35
74 54 45
92 51 26
161 86 59
78 38 50
61 32 50
120 59 36
116 67 65
138 83 49
151 164 145
217 166 148
207 176 158
198 123 63
40 0 0
26 16 63
68 43 0
71 11 64
64 45 12
77 10 35
71 44 11
73 12 26
48 51 59
1 0 0
8 10 13
14 0 0
7 11 12
58 21 25
0 16 11
22 0 0
14 0 19
0 0 0
19 15 17
11 0 25
57 28 25
0 1 0
27 0 0
55 64 55
52 16 18
21 17 20
28 0 31
65 61 35
82 48 55
111 67 56
125 58 51
14 11 19
13 0 0
39 0 1
0 0 0
0 0 0
0 0 0
1 0 0
2 0 2
0 0 0
0 0 0
0 0 0
0 0 0
2 0 2
0 0 0
38 0 0
0 0 0
39 0 0
57 28 20
62 42 25
119 33 64
153 91 13
147 85 51
193 85 49
180 85 51
165 96 76
210 114 86
166 102 85
170 101 70
147 86 7
110 74 59
73 15 0
0 0 24
63 0 0
0 0 24
47 11 34
161 71 17
204 85 51
204 105 51
202 114 75
204 100 52
196 128 77
205 91 58
228 144 133
205 181 128
221 144 127
198 137 128
244 143 90
197 124 103
204 128 63
204 94 83
236 192 186
223 255 216
231 179 164
191 116 38
122 66 58
51 23 26
85 25 20
131 80 80
146 69 64
49 30 11
106 44 51
90 80 57
96 39 20
98 31 47
74 43 0
140 111 83
165 144 122
209 180 171
176 106 20
82 27 38
53 22 13
84 42 38
39 22 13
78 12 25
39 24 19
40 43 34
31 15 57
46 5 12
59 27 31
58 52 27
18 0 37
29 22 27
21 0 0
41 0 34
0 0 0
19 0 24
34 33 0
26 20 33
33 32 63
23 23 0
0 0 0
55 34 39
58 41 56
22 0 0
0 0 0
57 33 63
81 35 18
113 42 58
106 36 49
64 38 49
0 0 0
27 34 31
24 0 0
0 0 0
0 0 0
0 0 0
0 0 0
0 0 0
0 0 0
0 0 0
1 0 0
0 0 0
0 0 0
0 0 0
24 0 0
0 0 0
24 0 0
20 21 0
84 49 64
135 68 11
153 53 27
154 85 51
171 85 59
210 86 51
180 106 47
203 101 70
180 76 0
185 81 46
160 60 35
71 69 12
51 0 38
1 0 0
11 0 37
2 0 0
46 22 19
116 59 33
204 85 51
204 81 51
212 100 45
204 113 53
241 128 114
204 108 78
200 119 60
204 113 61
237 125 96
205 156 89
221 148 133
241 130 102
204 128 76
204 114 78
255 243 203
230 254 229
197 179 164
235 160 82
67 6 21
53 48 57
101 37 18
200 152 120
95 70 13
47 18 34
107 43 51
45 37 20
109 42 65
103 70 52
206 169 151
222 128 103
180 176 160
173 111 51
147 74 0
114 54 27
114 48 24
71 49 27
90 48 24
108 22 64
83 42 23
83 43 20
127 85 49
82 52 33
113 47 55
113 69 57
101 32 25
51 48 57
0 0 1
21 0 20
61 26 31
95 56 64
47 15 37
55 53 19
29 22 21
0 0 0
29 31 37
56 15 18
16 0 22
0 0 0
39 33 39
49 15 12
44 22 32
70 42 13
70 49 58
53 49 57
0 3 0
55 15 63
0 0 0
0 0 0
0 0 0
0 0 0
0 0 0
37 0 37
0 0 0
1 0 0
0 0 0
0 0 0
37 0 37
0 0 0
0 0 0
0 0 0
0 0 0
0 0 38
77 11 13
121 94 33
153 70 55
153 85 51
178 86 14
203 79 51
210 139 46
204 105 74
210 111 64
179 86 52
122 39 19
45 6 32
21 1 25
0 0 1
32 0 27
0 1 1
83 49 25
131 63 20
204 86 51
204 79 51
167 111 52
204 102 45
231 129 73
204 133 108
197 154 70
205 104 72
223 124 104
205 145 141
235 180 164
229 122 102
205 128 115
204 102 39
255 255 234
255 255 255
205 112 84
255 147 113
47 28 0
46 45 52
130 97 94
146 95 32
42 8 26
115 49 20
71 43 50
0 0 0
71 49 13
102 89 52
232 230 224
234 180 165
208 168 148
149 109 23
154 118 39
65 12 0
100 42 65
75 13 0
71 42 65
101 48 12
107 72 65
107 43 24
97 33 57
107 69 21
100 42 57
100 38 50
41 17 0
80 42 49
37 30 1
17 24 23
118 47 56
68 67 12
92 25 27
59 18 32
0 0 0
67 25 29
64 22 27
24 27 32
18 0 0
31 25 30
20 16 18
57 25 31
52 17 21
44 48 31
52 18 13
25 20 22
17 0 30
56 25 12
1 0 0
0 0 0
0 0 0
0 0 0
0 0 0
26 0 26
0 0 0
0 0 0
0 0 0
0 0 0
26 0 26
0 0 0
1 0 0
0 0 0
1 0 0
0 1 26
43 27 25
132 59 19
153 60 57
153 85 51
210 79 25
203 115 51
203 97 80
204 138 114
203 139 83
148 85 51
97 45 32
58 27 27
0 0 0
0 0 0
28 0 0
30 0 0
101 37 57
146 91 24
205 81 54
204 117 52
178 109 51
204 104 80
190 122 32
204 130 102
242 173 144
197 128 137
234 153 95
197 148 122
231 146 123
198 159 102
197 128 65
205 105 82
217 254 255
254 254 216
204 108 78
230 129 71
52 24 39
75 32 45
164 117 76
89 57 26
46 16 57
99 42 24
47 43 58
0 3 2
46 13 25
103 84 44
232 186 172
195 167 147
210 175 172
147 102 23
153 102 18
75 21 38
102 43 13
108 21 38
74 43 14
102 42 30
101 65 14
102 43 56
68 15 23
101 38 23
102 43 15
102 38 50
12 20 0
104 42 57
29 24 0
93 54 65
70 42 49
79 42 32
51 25 0
10 0 22
65 25 38
83 54 64
16 0 0
0 18 22
94 25 38
58 47 55
22 25 29
21 23 28
50 25 22
58 18 29
27 0 32
0 0 0
118 47 56
23 23 30
0 0 0
0 0 0
0 0 0
0 0 0
0 0 0
0 0 0
0 0 0
36 0 0
0 0 0
0 0 0
0 0 0
1 0 0
0 0 1
0 0 0
0 0 0
36 0 0
58 17 56
130 39 31
153 62 15
153 85 50
202 115 57
211 109 51
204 104 113
203 103 71
204 96 44
148 86 51
106 38 22
23 23 0
1 0 0
4 2 1
0 1 38
56 30 0
131 67 50
217 78 57
197 105 39
204 102 45
210 75 52
204 139 115
242 158 119
204 117 95
223 175 130
241 158 165
232 173 136
241 175 125
198 118 89
206 145 103
240 128 75
197 134 109
236 255 254
254 255 233
205 105 74
168 98 47
55 0 22
135 97 79
122 48 45
110 74 30
88 77 49
107 42 56
43 42 14
28 0 0
51 19 56
97 86 88
232 158 139
211 174 172
167 146 58
189 110 22
153 105 31
108 48 20
102 43 31
101 48 20
108 43 24
102 43 28
102 38 24
95 43 57
111 50 0
102 38 56
103 44 24
103 73 58
85 47 28
114 49 22
0 0 29
79 13 14
44 42 58
88 21 21
0 0 37
51 25 23
91 52 20
45 13 14
18 0 29
60 20 23
70 47 21
43 41 57
63 24 28
0 0 0
58 25 65
25 0 0
0 0 22
50 48 30
145 104 49
0 0 28
0 0 0
0 0 0
0 0 0
1 0 0
0 0 0
1 0 1
0 0 0
27 0 0
0 0 0
0 0 0
1 0 1
0 0 0
0 0 0
1 0 0
0 0 0
29 0 1
22 24 57
96 44 21
152 89 24
153 84 57
210 108 50
168 73 51
204 140 72
211 74 46
204 111 53
181 79 51
90 67 23
0 0 2
3 1 36
0 0 0
31 0 21
49 23 0
155 87 50
238 116 51
240 155 106
204 104 80
203 110 44
204 98 66
224 144 126
204 180 137
233 140 81
224 146 117
198 174 137
224 169 158
205 158 138
197 145 95
231 128 107
239 122 95
226 255 255
255 236 238
198 99 75
155 108 43
29 13 15
165 112 113
95 68 51
72 7 0
71 63 58
79 48 56
93 48 31
62 29 35
60 53 56
125 81 74
196 206 193
175 151 60
183 122 13
180 109 63
153 132 22
101 42 29
102 43 23
103 42 29
101 43 56
102 43 0
103 44 57
136 44 17
94 35 28
102 71 57
96 38 57
95 60 17
119 47 62
39 14 0
64 31 56
36 18 29
61 49 15
2 0 29
66 25 21
120 46 56
9 19 29
46 19 30
86 52 64
105 44 57
80 42 20
85 48 15
22 0 0
1 1 2
18 0 16
0 0 37
93 53 22
151 98 55
38 36 57
28 1 0
0 0 0
0 0 0
0 0 0
0 0 0
0 0 0
0 0 0
0 0 0
0 0 0
0 0 0
0 0 0
0 0 0
34 0 0
0 0 34
0 0 0
0 0 0
0 0 0
0 25 15
102 43 29
159 89 57
152 91 24
176 78 50
183 115 51
203 97 44
171 116 53
203 103 42
215 114 51
156 89 57
10 0 0
0 0 22
98 52 27
49 23 22
60 0 1
165 95 58
188 104 44
223 178 177
204 133 107
204 131 87
204 104 73
232 150 136
205 204 130
233 152 170
232 146 124
206 148 63
232 169 156
204 152 130
238 180 135
199 128 108
232 151 130
226 255 255
228 186 171
228 154 100
124 121 93
154 103 90
116 78 73
108 66 58
53 25 35
79 44 17
17 19 23
45 20 22
23 24 29
15 24 27
185 103 64
212 164 160
148 100 12
182 135 58
147 81 23
153 132 22
102 43 23
103 43 21
95 43 23
102 43 57
103 44 0
95 43 50
131 37 21
137 78 64
102 68 17
128 65 50
134 64 21
41 21 24
18 19 0
85 18 49
93 55 31
12 15 29
64 29 23
79 49 28
72 47 57
25 0 24
79 49 24
106 72 15
133 64 50
74 43 65
78 20 28
0 1 1
4 1 0
16 25 21
51 19 23
133 65 58
108 65 56
0 0 23
62 0 0
0 0 0
0 0 0
0 0 0
34 0 0
0 0 0
0 0 0
0 0 0
1 0 0
0 0 0
0 0 0
1 0 1
29 0 0
0 0 29
35 1 1
1 0 0
35 0 0
1 0 29
109 43 23
124 61 49
159 56 0
148 92 58
176 108 50
213 111 61
165 103 44
209 105 90
174 109 51
228 83 49
144 45 35
48 19 21
109 72 64
85 54 58
13 0 0
93 35 17
245 102 85
238 145 89
204 127 101
203 133 74
204 134 114
234 158 97
197 134 94
197 153 167
234 173 163
197 119 69
234 175 133
205 117 95
233 146 138
198 129 68
197 174 158
255 255 255
189 158 137
255 181 140
102 28 45
139 96 86
127 90 44
82 44 16
19 26 30
81 14 21
0 0 0
17 0 28
0 0 0
30 0 0
216 160 151
169 146 54
154 81 58
148 100 57
154 80 0
153 105 56
102 43 28
95 43 56
135 43 28
103 44 18
95 38 34
135 43 51
95 70 63
123 33 17
103 33 22
164 94 51
137 74 63
10 0 0
52 49 26
42 22 58
48 14 0
46 17 25
56 26 28
69 36 25
47 21 17
52 18 20
108 42 19
101 31 29
131 94 51
77 42 16
51 0 32
4 1 1
0 0 27
86 43 65
137 69 20
130 62 49
5 16 24
2 2 0
24 0 33
0 0 0
0 0 0
0 0 0
29 0 0
0 0 0
0 0 0
0 0 0
0 0 0
0 0 0
0 0 0
0 0 0
0 0 0
0 0 0
22 0 0
0 0 0
29 0 0
1 1 23
69 43 28
101 43 58
126 66 35
153 57 17
181 86 58
163 99 11
254 105 84
183 123 55
153 78 51
140 90 58
198 100 24
146 69 58
58 32 17
76 15 50
43 45 28
63 10 23
206 139 80
202 129 67
204 128 102
211 100 73
203 127 75
196 101 73
237 158 109
205 121 54
197 179 138
237 151 134
197 148 62
197 156 102
197 123 61
237 122 74
205 169 152
254 255 255
250 207 206
177 134 103
76 15 22
25 4 11
146 69 59
11 15 29
22 0 0
46 25 65
0 0 0
54 20 26
11 0 15
207 130 94
169 151 88
180 153 88
153 87 57
147 102 17
153 114 28
153 80 57
102 44 26
134 42 56
133 45 27
98 39 22
134 63 23
132 43 50
103 68 25
136 46 20
98 68 60
124 61 50
70 10 25
87 24 28
82 41 62
59 28 17
14 16 35
127 55 18
7 0 24
113 68 18
46 0 28
76 74 58
100 43 65
102 72 26
95 62 50
82 49 28
20 0 0
0 0 0
85 18 57
99 63 18
168 93 58
114 74 58
29 0 0
0 0 1
0 0 30
0 0 0
0 0 0
0 0 0
0 0 0
0 0 0
0 0 0
0 0 0
0 0 0
0 0 0
0 0 0
32 0 32
1 0 0
0 0 1
27 27 25
25 1 1
0 0 0
0 0 27
72 44 26
83 22 17
94 68 23
159 65 28
180 56 20
209 131 52
187 122 81
122 26 0
128 91 51
123 63 19
117 56 20
131 94 50
136 66 22
65 13 51
142 95 51
131 67 52
142 106 46
166 101 109
204 129 102
172 103 102
211 128 40
212 76 78
233 127 77
204 136 81
205 126 38
234 174 163
205 123 79
236 154 109
205 129 80
234 155 102
204 170 153
255 255 255
180 155 97
66 33 46
45 50 25
81 20 22
37 10 17
30 24 24
60 23 35
48 17 18
40 12 19
72 66 14
135 120 114
218 165 116
180 121 110
186 128 49
153 80 19
185 139 27
153 104 57
153 86 17
102 36 18
133 49 26
91 35 13
118 56 50
133 101 26
95 43 58
103 37 0
96 43 65
121 78 36
102 43 57
42 19 0
99 42 57
81 48 25
19 0 27
59 55 24
42 15 65
84 22 26
82 74 65
77 17 25
108 67 50
109 43 17
102 63 19
103 38 58
44 15 25
23 23 34
45 23 26
144 68 50
132 95 20
100 62 49
6 16 18
32 1 1
1 0 1
33 0 0
0 0 0
0 0 0
0 0 0
1 0 0
0 0 0
0 0 0
0 0 0
0 0 0
0 0 0
0 0 0
31 0 31
0 0 0
1 0 1
26 27 62
62 0 0
0 0 0
33 1 26
109 36 18
20 0 26
115 42 25
130 70 26
164 76 14
229 148 94
54 32 44
91 34 35
96 64 51
135 39 20
99 60 57
89 58 52
159 91 51
136 71 52
150 79 76
183 110 76
148 74 47
219 107 106
204 123 103
173 135 132
172 128 79
172 108 70
204 96 40
204 97 79
204 76 16
197 174 125
204 129 84
236 118 72
204 128 76
197 153 132
204 170 153
255 255 254
88 53 8
18 0 22
53 42 26
109 51 59
20 26 28
22 24 27
38 51 26
72 39 21
172 98 89
128 105 84
225 194 143
132 87 43
185 134 84
139 101 20
153 106 19
184 105 33
153 106 50
153 85 27
101 74 64
97 19 0
119 77 82
203 126 86
95 32 27
103 43 19
95 44 33
96 36 19
188 135 111
79 24 27
72 44 28
132 68 50
50 22 0
19 28 27
50 15 24
15 16 19
111 53 26
16 11 19
109 74 25
100 37 50
71 43 26
101 63 57
101 44 20
53 22 25
44 42 26
144 42 57
94 94 51
132 57 58
40 44 58
28 0 25
0 0 0
0 0 0
33 0 1
0 0 0
0 0 0
0 0 0
0 0 0
0 0 0
0 0 0
0 0 0
0 0 0
0 0 0
1 0 0
0 0 0
0 0 0
0 0 0
18 0 26
26 26 31
31 0 1
26 0 17
100 74 65
0 1 33
52 23 33
84 33 18
249 163 82
85 28 20
70 10 53
135 102 26
101 37 50
95 37 57
96 90 57
127 58 44
145 77 79
151 82 43
176 99 106
208 132 108
185 114 76
172 114 77
203 147 94
211 120 132
172 127 100
172 133 109
174 134 76
203 120 61
205 89 62
205 149 103
204 129 40
190 149 64
204 128 76
205 121 134
204 170 153
255 254 255
86 20 37
21 22 18
45 43 27
95 33 44
41 13 23
39 7 21
103 26 13
127 86 54
181 105 74
181 156 105
175 112 69
179 135 21
146 107 4
185 107 28
153 138 65
146 81 0
153 113 51
153 85 26
109 43 25
92 7 27
201 172 111
122 65 60
103 36 17
103 43 24
132 43 27
137 72 19
189 137 122
40 0 0
132 62 51
134 65 51
28 0 31
58 22 17
51 21 34
53 49 19
83 21 23
15 17 19
94 63 28
109 44 58
70 43 28
109 71 56
109 43 18
45 25 28
111 68 17
133 68 50
97 58 51
101 69 49
52 18 21
34 1 34
0 1 1
30 1 31
0 0 0
0 0 0
0 0 0
0 0 0
0 0 0
0 0 0
0 0 0
0 0 0
0 0 0
0 0 0
0 0 1
1 0 1
0 0 0
30 0 30
58 28 0
0 27 33
33 0 0
17 20 64
108 44 20
1 0 0
0 0 0
159 64 58
205 159 113
54 9 0
128 60 45
127 57 17
116 50 58
102 74 55
131 88 20
163 95 81
182 115 90
182 115 88
215 168 105
202 124 98
178 100 105
171 73 45
211 184 138
202 158 101
210 133 136
210 126 100
171 132 113
211 190 145
197 76 37
204 123 73
205 123 71
235 179 138
204 128 79
203 135 94
204 170 153
253 255 229
23 0 0
60 55 65
76 43 17
124 82 73
130 57 36
134 85 43
159 115 85
181 123 65
175 122 74
214 158 105
147 136 47
215 132 26
154 80 67
185 108 16
153 106 20
154 80 33
153 79 50
153 86 24
73 15 0
150 90 52
131 112 82
86 4 0
102 77 57
95 43 35
135 43 16
116 55 58
122 83 6
76 21 32
159 92 75
94 55 50
0 1 33
50 14 58
52 30 0
79 42 58
16 0 34
82 49 58
131 61 16
73 43 22
108 42 16
71 37 22
73 44 65
75 8 17
112 66 58
88 65 51
131 63 51
79 46 58
58 21 17
0 0 0
24 0 0
34 0 26
31 0 0
0 0 0
0 0 0
0 0 0
0 0 0
0 0 0
0 0 0
0 0 0
0 0 0
0 0 0
31 0 0
0 0 0
0 0 0
33 0 34
49 22 31
32 0 0
0 0 29
57 53 26
79 9 18
0 0 1
3 1 1
185 89 49
164 92 71
165 70 56
179 132 74
124 62 57
43 18 22
108 45 28
142 71 25
136 65 83
194 94 14
187 89 54
180 111 86
211 145 115
176 135 114
218 113 53
176 130 112
211 136 81
209 108 111
209 134 109
218 110 78
175 129 111
233 124 104
204 129 68
197 148 133
237 149 139
204 127 67
211 103 110
204 170 154
255 244 203
0 0 2
39 13 21
110 46 59
171 147 119
191 137 138
180 156 109
174 135 94
214 184 149
187 166 84
179 102 85
154 102 51
179 108 29
153 86 19
146 105 65
153 80 18
153 111 26
153 86 58
153 79 29
68 26 0
216 133 69
55 32 22
145 51 25
102 36 56
132 43 0
96 44 65
166 95 49
97 44 27
108 48 27
144 73 100
109 101 56
0 1 0
52 49 50
46 0 0
85 43 50
20 0 0
105 41 49
134 72 64
67 43 17
107 49 64
75 44 17
68 38 21
108 79 58
52 54 49
133 62 51
134 65 51
45 9 22
22 24 64
0 2 0
57 20 23
0 24 22
34 0 0
0 0 0
0 0 0
0 0 0
0 0 0
0 0 0
1 0 0
0 0 0
0 0 0
0 0 0
27 0 29
0 0 0
1 0 0
0 0 0
58 18 34
27 1 31
30 0 34
56 22 0
40 50 57
0 0 0
0 0 1
172 89 58
211 124 67
186 90 84
219 163 113
137 72 56
35 15 17
80 9 0
66 14 29
62 34 50
110 28 19
139 46 11
142 42 11
174 55 43
182 114 45
174 102 46
164 72 32
175 70 41
175 81 39
175 104 72
174 70 40
170 72 32
238 184 141
204 128 116
233 175 151
197 122 71
204 134 116
174 99 72
205 172 148
201 168 186
49 21 0
98 28 11
89 28 44
100 88 55
171 152 159
207 172 121
210 111 152
179 148 82
146 101 50
147 81 15
153 104 58
147 81 15
153 85 24
154 109 20
153 86 58
153 108 23
153 86 21
153 110 16
108 12 28
202 140 125
112 28 0
93 42 63
102 44 22
130 44 24
97 38 22
129 65 56
103 9 30
101 42 22
187 132 134
79 41 29
24 0 0
45 42 51
73 20 29
44 42 50
51 18 0
106 48 57
101 37 28
115 42 57
73 19 28
81 43 57
109 67 17
101 41 50
146 103 57
130 67 51
101 66 51
53 50 16
17 18 28
16 0 23
49 47 56
29 29 36
0 0 0
0 0 0
0 0 0
0 0 0
0 0 0
0 0 0
0 0 0
0 0 1
0 0 0
0 0 0
21 0 34
0 0 0
0 0 0
1 0 29
22 30 0
21 0 28
34 0 0
22 0 0
74 42 56
1 0 0
0 0 0
194 61 23
208 167 115
166 78 70
157 106 77
95 37 23
118 50 57
40 50 31
70 16 15
91 62 24
148 64 58
182 117 53
177 112 41
175 47 39
168 64 34
169 126 73
239 101 76
170 100 69
170 82 47
170 99 74
170 128 75
211 101 76
197 149 93
204 128 73
238 169 179
205 134 46
204 104 73
176 140 74
198 159 175
175 123 129
108 44 23
165 121 87
153 108 73
63 29 0
195 142 141
207 172 163
203 181 198
147 128 4
154 81 23
154 86 25
153 115 23
154 81 65
153 85 30
153 103 23
153 86 50
154 103 29
153 80 23
153 109 57
106 54 35
198 193 179
101 0 2
103 43 21
102 44 22
122 38 57
129 66 15
95 37 30
101 50 14
101 42 30
158 141 115
44 14 0
51 18 27
77 42 51
113 48 29
53 48 57
83 53 28
81 20 24
76 45 0
81 49 56
75 14 0
66 44 56
102 67 58
102 31 51
101 31 24
121 59 50
75 50 51
45 42 65
58 26 0
83 46 56
56 46 55
36 0 0
1 0 0
1 0 1
0 0 0
0 0 0
0 0 0
0 0 0
27 0 0
0 0 0
0 0 0
0 0 0
36 0 0
0 0 0
27 0 0
0 0 35
21 0 1
37 1 20
0 0 1
21 1 27
113 43 24
0 1 1
0 0 27
123 60 15
181 102 79
217 108 87
90 64 51
103 43 16
93 37 55
76 43 30
104 44 57
174 95 16
196 90 50
189 109 77
209 136 115
189 128 95
211 141 117
217 144 113
237 156 108
211 161 134
211 104 79
211 134 82
211 162 107
203 156 108
205 123 103
204 129 68
197 169 193
204 110 53
203 99 67
185 105 82
229 213 213
169 117 82
121 60 57
150 107 78
193 148 113
104 64 25
118 51 47
187 155 135
204 172 121
154 111 60
153 86 22
153 85 30
153 79 16
153 108 21
153 85 14
153 111 31
153 80 50
147 111 21
154 109 31
153 97 56
81 24 0
229 220 212
104 21 0
102 42 22
103 39 32
138 64 50
138 72 65
109 49 0
108 42 65
108 49 20
121 82 38
60 29 23
76 53 37
95 49 51
79 42 20
46 21 24
60 19 30
39 13 14
65 38 23
33 15 24
76 44 23
109 38 24
96 59 50
102 75 51
92 59 15
145 73 57
72 7 51
77 42 22
50 11 22
91 60 56
31 25 31
0 2 0
1 1 1
0 0 0
1 0 0
0 0 0
0 0 0
0 0 0
36 0 0
0 0 27
0 0 0
0 0 0
0 0 2
0 0 0
36 0 0
0 0 0
37 1 0
0 0 37
1 0 0
37 0 36
79 42 14
21 0 0
0 0 36
103 78 64
152 80 45
180 114 44
106 35 26
102 49 57
129 65 31
103 39 14
122 65 56
118 62 58
139 85 52
139 96 88
209 110 98
146 76 42
203 126 99
182 74 80
197 156 101
203 134 142
203 134 81
203 126 65
203 121 107
204 157 101
204 128 101
204 124 104
205 173 123
204 76 46
210 134 109
160 92 64
250 242 190
89 57 20
158 90 50
153 101 70
149 71 79
129 91 57
117 56 11
127 110 75
203 151 102
153 80 56
153 85 31
153 86 20
154 86 58
153 116 22
154 86 64
153 97 14
154 108 57
180 97 31
147 110 14
154 134 23
46 0 2
249 201 191
92 40 16
102 49 33
95 59 13
100 78 50
95 38 24
82 20 28
76 43 24
76 16 33
114 48 53
19 5 57
87 20 0
5 15 51
45 42 32
70 12 14
7 13 13
78 48 65
116 64 56
104 39 15
96 63 57
101 65 14
128 74 51
101 57 50
121 84 58
68 36 24
90 50 51
93 48 21
50 54 62
18 0 25
0 0 0
23 0 27
0 0 0
27 1 27
0 0 0
0 0 0
1 0 1
0 0 0
0 0 0
0 0 36
0 0 0
0 0 0
0 0 0
0 0 0
0 0 0
0 0 1
0 0 0
27 22 0
1 0 0
0 0 0
44 47 64
57 23 21
0 0 0
82 19 29
133 90 52
153 83 51
96 61 15
103 17 56
138 73 0
121 60 58
160 69 25
137 56 50
174 80 45
179 139 37
178 75 107
155 86 52
204 128 101
142 83 40
205 123 102
205 91 69
204 122 64
204 133 109
203 128 75
204 117 102
203 133 108
204 146 122
203 157 103
204 105 73
177 126 101
240 159 114
155 106 111
105 61 16
158 84 51
153 117 89
135 92 45
125 78 50
173 101 60
92 61 45
210 128 89
153 86 25
153 86 19
153 81 32
147 86 50
154 74 32
147 81 30
154 134 58
147 110 24
190 134 19
179 101 58
147 127 20
47 0 0
162 140 113
140 74 76
103 18 13
133 95 58
84 16 57
103 39 14
40 17 32
64 43 13
64 33 13
64 7 56
39 75 50
44 12 27
73 38 51
52 48 19
119 54 63
60 49 58
88 47 23
74 73 55
126 58 58
120 73 50
101 68 64
138 37 51
107 74 57
55 19 50
73 49 20
38 42 50
19 22 33
58 26 30
17 19 14
22 0 27
51 17 32
26 21 25
33 0 32
26 1 1
1 1 1
0 0 0
0 0 0
1 0 0
1 0 0
0 0 0
0 0 0
25 0 25
0 0 0
1 0 0
1 0 0
1 0 0
37 31 0
0 0 0
1 0 1
57 26 29
49 26 56
0 0 1
50 0 0
100 68 50
128 70 57
127 94 58
96 29 26
95 37 21
158 90 50
146 53 14
222 85 51
215 105 75
197 110 78
167 107 81
147 85 51
204 127 107
175 101 72
203 124 102
198 136 67
204 149 109
203 107 100
210 133 71
203 149 101
211 108 79
204 169 152
210 107 84
203 128 102
171 131 100
230 144 86
91 31 15
102 70 58
128 85 51
152 78 44
89 63 52
151 111 51
102 43 50
124 51 58
178 107 20
153 86 14
153 81 32
154 102 19
178 80 50
147 103 19
179 102 0
147 127 49
178 101 20
140 127 33
190 113 49
179 128 39
70 17 24
67 39 16
232 146 111
96 27 59
116 64 50
40 13 27
101 62 58
72 29 12
115 43 64
114 79 58
87 51 32
97 52 51
47 49 38
104 60 51
51 22 33
56 21 31
49 47 49
44 22 19
70 37 27
30 4 49
61 37 51
107 56 24
99 44 51
82 42 26
116 83 51
84 22 33
77 43 57
9 11 12
22 0 0
54 48 59
58 21 38
74 48 12
33 32 38
6 16 11
32 0 0
0 0 0
24 0 24
0 0 0
0 0 0
0 0 2
0 0 0
0 0 0
38 0 37
0 1 0
0 0 1
0 0 0
0 0 0
0 0 24
24 0 0
1 0 0
31 0 0
56 14 54
1 0 0
33 1 2
89 42 56
119 37 26
139 68 49
126 96 14
104 44 63
156 84 51
177 90 59
187 109 51
183 121 94
115 80 88
212 117 52
178 87 53
204 133 82
210 137 113
210 153 101
228 127 110
203 159 100
210 96 108
180 107 84
210 164 108
174 88 55
203 193 180
180 78 41
208 145 123
197 116 113
95 58 20
105 42 17
101 57 49
116 85 51
158 90 53
135 59 51
155 96 51
72 18 44
159 113 27
172 101 14
153 81 59
154 101 18
147 133 33
191 106 57
177 133 34
185 132 20
178 128 57
191 114 33
180 128 12
146 95 57
185 128 0
114 47 39
67 9 16
139 94 86
126 100 49
50 53 45
73 46 14
109 80 55
108 5 58
76 42 26
82 41 55
62 42 0
37 5 50
76 42 0
15 3 50
51 15 17
7 11 0
52 23 50
47 11 35
85 44 12
79 51 57
86 44 51
83 80 18
84 42 51
46 24 18
82 36 51
68 16 17
89 42 27
81 49 58
31 37 26
68 42 49
43 27 0
90 42 58
11 0 0
81 52 63
16 20 24
24 20 24
38 0 38
0 0 0
0 0 0
24 0 0
0 0 0
0 0 0
0 0 0
0 0 0
0 0 0
25 0 0
0 1 0
2 1 39
38 0 0
0 0 0
0 1 0
33 33 32
0 0 1
0 0 0
26 28 32
151 48 18
94 38 50
140 86 59
102 43 25
134 84 51
196 88 49
123 98 51
147 59 20
141 87 44
202 75 25
186 77 41
204 109 48
202 112 82
180 139 108
242 128 100
209 122 102
180 139 78
165 95 67
180 102 79
189 164 146
210 192 178
167 100 68
190 167 150
127 65 59
62 42 21
103 63 59
109 77 58
161 86 52
136 71 52
112 72 52
44 47 51
192 118 80
151 111 12
187 118 64
153 100 49
147 137 34
177 127 17
140 112 27
192 127 11
169 131 63
185 127 26
140 94 17
185 128 59
149 134 26
169 128 26
77 46 0
110 51 59
51 33 27
141 67 50
140 95 74
97 51 53
75 15 30
100 68 54
69 48 12
40 20 27
110 43 20
71 51 57
84 42 19
117 51 57
51 34 35
61 50 20
45 10 57
75 49 11
67 48 64
85 42 28
67 43 51
45 17 40
51 48 51
47 10 41
45 44 51
86 29 35
43 47 12
94 46 55
119 79 33
113 43 51
80 14 20
39 43 55
59 16 19
93 26 31
40 33 39
39 33 39
0 0 0
0 0 0
0 0 0
39 0 0
0 0 0
0 0 0
25 0 2
1 19 1
0 0 23
33 0 1
1 0 0
0 1 0
0 0 0
23 0 0
2 0 24
0 0 0
23 0 0
2 1 0
0 0 0
59 28 40
108 44 57
94 70 49
102 43 18
96 89 51
127 70 57
115 47 51
155 54 14
194 80 47
204 97 24
164 115 87
204 91 37
204 72 41
165 94 79
196 128 102
186 129 102
165 107 63
216 139 92
165 92 59
255 234 224
181 93 67
206 139 115
128 95 58
98 35 6
107 36 31
97 72 45
70 30 24
151 76 46
86 30 45
68 47 45
131 93 50
189 114 67
153 98 64
169 79 26
153 137 51
176 111 16
192 127 35
178 98 12
140 128 64
193 108 26
169 132 18
178 138 35
169 127 49
177 127 18
193 127 33
68 24 25
95 37 49
113 46 0
94 38 56
118 70 90
145 113 71
74 16 0
108 79 34
87 24 59
70 28 16
100 43 57
108 37 29
66 48 62
108 41 28
52 0 16
44 37 57
74 49 29
86 42 59
93 24 26
60 43 12
93 43 50
52 15 0
30 24 50
73 49 0
52 42 50
67 14 16
57 28 63
17 25 29
87 40 16
83 43 51
63 25 56
70 43 29
49 53 62
26 0 0
0 0 0
0 0 0
2 0 2
0 0 0
0 0 0
0 0 0
0 0 0
0 0 0
39 0 0
0 33 0
1 0 40
16 1 0
0 19 0
18 0 19
3 1 0
40 1 1
0 1 34
25 2 2
40 0 22
0 0 0
2 1 0
0 0 0
83 47 28
103 37 50
102 43 36
104 71 50
98 38 29
165 92 50
154 91 59
162 105 74
204 151 142
211 183 169
204 152 113
204 115 64
212 117 63
211 127 102
142 127 101
211 99 115
185 109 39
212 153 127
178 163 166
165 112 56
225 210 201
103 20 0
98 59 60
113 73 28
120 48 69
98 70 25
154 123 69
144 78 73
196 114 79
157 83 56
145 83 3
153 119 27
194 86 16
153 112 51
192 79 35
145 132 16
192 119 58
177 127 27
145 99 11
194 113 36
192 112 15
194 132 51
187 127 35
145 132 16
89 10 35
124 61 51
100 43 24
104 44 29
49 34 43
182 103 96
198 136 123
76 16 0
60 9 49
113 82 42
101 43 49
100 61 11
92 24 27
68 47 16
47 0 37
73 61 49
86 42 11
60 43 49
38 9 16
115 43 59
38 43 56
56 35 0
11 9 56
90 45 18
56 47 56
83 27 37
35 0 33
30 5 11
24 26 37
40 43 51
26 30 55
113 44 11
50 23 27
0 0 0
2 1 2
0 1 2
0 0 0
0 0 0
0 0 0
2 0 0
0 0 0
1 0 0
0 0 0
22 0 22
0 1 0
38 0 22
17 34 0
57 19 57
0 0 1
0 0 0
18 0 14
36 0 0
0 1 41
23 19 1
0 0 22
26 0 0
50 29 16
106 48 56
101 43 9
102 34 56
104 44 11
134 87 56
147 84 49
211 114 86
203 163 122
206 157 137
203 163 192
203 183 135
202 93 109
182 132 101
177 132 106
208 121 79
142 90 70
202 159 163
144 81 85
212 181 149
243 238 235
83 0 5
124 89 49
181 138 116
159 106 109
224 153 133
148 148 107
199 123 90
168 99 69
151 89 29
155 69 65
153 83 11
145 89 41
153 80 51
145 91 15
155 114 36
145 79 55
193 132 10
155 120 64
145 80 10
145 80 41
145 114 51
167 132 15
155 114 36
55 45 9
143 77 51
102 43 36
103 44 16
131 61 52
86 32 22
153 136 171
77 19 12
115 54 56
80 35 0
106 42 55
106 76 58
48 13 15
0 29 42
62 9 9
86 76 55
59 42 59
115 43 50
74 50 38
80 43 49
73 42 30
30 0 21
59 49 30
48 29 61
29 29 29
80 21 9
0 0 0
115 67 59
7 9 9
74 43 51
96 65 29
78 38 58
56 13 16
23 18 21
0 0 1
21 0 0
0 0 0
0 0 0
0 0 0
1 0 0
0 0 0
0 1 1
2 0 0
40 1 40
17 0 23
5 14 36
58 0 0
50 30 49
32 14 0
14 14 16
53 15 43
5 15 17
14 0 0
32 31 0
17 1 41
37 19 22
37 0 43
91 30 29
107 42 64
102 62 29
96 43 58
96 71 30
178 84 50
206 96 64
208 107 37
192 109 79
208 107 68
208 157 119
203 134 105
168 114 106
188 110 86
182 74 62
176 152 108
203 122 129
171 149 125
203 168 193
199 147 125
57 7 0
138 88 51
193 126 99
152 132 96
194 168 150
174 86 105
144 82 49
105 45 2
153 68 16
153 52 29
153 70 58
155 68 0
154 87 51
155 68 37
154 81 14
155 87 30
146 115 64
153 79 29
155 87 58
155 87 0
155 81 51
195 115 37
153 81 14
129 58 58
90 33 51
102 43 8
97 39 38
146 81 56
109 46 17
48 26 28
175 116 81
80 25 31
60 44 17
90 47 35
86 40 54
37 36 43
0 0 0
132 69 59
69 41 35
114 47 49
80 43 56
88 38 8
60 43 50
91 47 9
10 0 42
49 46 9
37 0 34
16 0 15
154 99 58
29 26 18
104 76 49
79 49 59
88 43 51
57 1 15
71 64 54
30 32 38
36 35 41
20 0 0
41 0 0
0 0 0
0 0 0
0 0 0
0 0 0
1 1 1
22 0 0
0 0 0
0 0 0
53 13 37
74 48 8
45 11 1
47 12 51
119 48 21
68 48 62
61 44 0
71 44 57
69 10 22
21 4 16
54 0 0
1 28 37
0 0 0
22 0 15
82 48 30
103 78 15
129 44 55
104 39 10
179 89 56
193 125 94
193 85 59
132 85 47
193 85 53
188 110 58
208 130 86
196 80 87
166 93 40
168 103 109
190 160 100
209 129 121
210 181 148
198 166 159
199 115 88
125 79 37
110 68 50
141 124 103
149 123 118
224 185 175
194 140 85
155 70 32
163 93 65
153 51 38
154 92 10
153 47 54
154 52 0
148 81 50
154 48 13
148 83 38
154 81 9
150 76 29
154 83 10
149 81 54
153 81 0
149 83 51
145 76 13
154 83 38
147 81 54
122 60 50
101 42 63
121 55 8
75 20 31
87 43 39
112 47 55
119 108 76
64 7 9
118 46 61
30 31 0
44 31 31
0 0 0
15 2 2
126 59 49
75 27 0
84 26 51
60 43 31
58 59 58
114 43 56
48 30 63
58 12 0
52 27 63
0 0 0
34 0 39
82 73 54
133 98 57
77 32 51
86 42 49
58 43 50
114 51 39
69 60 31
14 10 12
12 0 0
42 0 20
0 0 0
0 0 0
0 0 0
0 0 0
20 0 1
0 0 0
34 13 15
0 0 0
2 1 2
64 47 7
106 42 63
66 64 0
62 29 50
80 42 37
126 42 29
123 54 22
117 54 49
117 61 37
126 63 57
57 26 18
85 15 9
24 6 12
18 28 40
57 20 5
94 30 40
116 40 27
99 42 59
85 69 32
128 63 44
128 70 31
94 71 53
128 71 33
148 82 96
189 116 46
141 87 40
192 134 72
192 120 105
161 122 107
184 131 130
202 140 75
228 185 215
112 73 31
157 119 94
160 51 56
175 144 97
168 141 158
250 212 183
146 110 50
154 51 9
147 80 30
154 92 13
148 80 58
154 108 31
148 88 15
173 98 56
148 104 39
173 98 7
148 98 63
173 99 14
148 97 58
168 98 31
154 98 20
168 98 51
155 99 38
148 98 13
76 21 32
148 78 56
107 47 31
149 93 58
62 9 9
41 43 7
104 42 55
39 19 0
99 53 62
71 31 35
0 0 0
57 0 13
0 17 21
57 0 1
42 5 50
1 11 2
50 11 50
109 43 14
113 77 49
86 42 32
38 0 35
50 52 16
46 8 30
12 12 16
26 12 7
33 26 37
145 70 49
83 64 51
63 44 51
113 42 55
85 41 7
24 5 13
39 37 44
44 1 2
0 0 42
2 0 0
0 0 0
0 0 0
0 0 0
43 1 0
11 12 19
18 48 56
1 0 1
0 0 0
112 46 63
100 43 30
108 76 15
123 18 55
56 40 7
138 40 14
158 94 38
176 90 51
176 88 7
175 85 49
137 91 53
178 113 54
143 73 76
145 92 4
120 33 79
132 69 3
82 52 24
113 47 45
116 47 5
109 48 53
108 51 10
114 46 46
109 47 10
151 83 40
143 76 48
169 82 72
160 126 93
160 79 88
211 129 83
162 116 38
205 85 63
230 211 190
56 24 0
151 93 61
151 91 32
191 163 121
209 174 155
182 140 78
155 92 34
148 88 63
172 97 8
149 80 40
172 97 54
148 116 8
172 96 61
190 132 32
172 132 7
190 133 62
172 133 31
190 133 39
172 137 49
214 133 13
149 133 38
214 133 50
149 133 12
172 133 40
60 8 12
81 37 33
83 28 8
77 72 54
109 46 58
66 43 58
92 46 37
58 0 21
26 30 36
0 0 0
16 17 19
37 1 44
14 36 39
49 12 0
36 39 55
64 33 0
35 38 55
104 43 40
86 41 55
45 46 8
0 1 0
47 22 57
70 49 13
75 52 56
105 52 63
0 0 0
80 38 50
138 63 51
90 39 50
86 46 37
49 46 62
88 39 44
11 0 0
0 0 0
2 0 0
0 0 0
0 0 0
1 0 0
0 0 0
0 0 14
67 48 38
134 38 54
0 0 0
14 11 18
82 28 31
102 43 12
96 37 57
157 100 37
124 55 58
109 55 40
148 69 7
195 84 51
195 84 58
190 99 51
214 94 63
207 111 64
212 136 88
208 92 69
172 142 81
216 138 77
225 102 115
173 120 70
173 104 73
175 107 52
179 87 54
173 106 69
175 103 54
167 97 66
169 102 70
210 97 89
216 131 44
211 83 41
202 128 63
211 80 54
200 144 102
148 147 141
111 5 0
157 122 96
153 84 9
160 119 145
206 176 142
149 73 35
149 138 8
171 96 31
196 137 63
167 97 7
196 137 32
172 91 63
191 133 31
164 130 13
191 127 58
164 127 36
191 127 8
164 127 11
191 111 51
189 127 45
167 127 6
189 127 55
167 127 40
196 127 6
113 53 45
44 44 8
63 7 63
61 38 33
100 56 49
112 47 49
32 32 0
38 2 44
9 0 0
0 1 19
57 33 39
0 0 0
57 0 6
51 47 17
8 0 34
32 9 18
4 0 34
88 43 11
45 30 34
56 32 62
2 0 2
69 25 49
90 42 41
92 27 54
26 27 32
28 12 15
51 48 55
32 0 50
65 61 55
49 32 0
39 32 36
0 0 0
45 1 2
2 0 0
0 0 2
0 0 0
0 0 1
0 0 1
1 0 1
11 11 56
120 38 11
138 54 33
28 0 14
57 51 44
59 7 7
102 43 45
119 44 49
151 68 0
158 90 49
156 90 6
167 50 58
142 85 51
142 85 49
164 121 51
201 136 111
202 104 107
201 129 62
214 140 114
204 128 79
201 122 89
195 132 99
208 152 90
208 128 106
208 117 47
191 99 67
208 120 95
208 132 62
210 132 111
210 118 90
202 132 61
185 117 53
202 96 66
204 131 96
202 87 52
221 184 127
129 55 71
100 63 18
136 79 39
154 82 55
211 140 94
190 144 87
150 103 0
171 112 58
197 133 12
141 112 31
214 132 58
141 112 12
192 134 31
164 127 8
193 113 40
164 128 54
193 128 0
164 128 58
193 128 45
164 92 51
143 128 0
214 128 63
143 128 34
214 128 6
141 128 63
88 28 0
61 43 58
93 46 32
109 48 12
106 79 55
84 25 51
0 0 0
0 0 0
62 16 18
13 0 44
49 4 5
2 0 2
45 12 58
51 45 44
58 12 7
7 35 39
71 9 7
45 46 41
53 6 7
38 0 36
0 0 0
91 67 51
56 43 6
48 10 34
0 3 7
121 51 60
35 28 34
75 53 55
83 68 38
40 0 18
0 0 0
3 1 2
0 0 0
0 0 0
0 0 0
1 0 1
1 0 0
14 0 0
0 0 0
70 48 53
158 57 42
108 90 12
110 11 56
50 28 0
109 49 62
102 43 0
146 43 51
153 49 0
147 84 51
169 84 62
210 87 49
167 85 51
168 82 51
195 79 51
204 112 87
204 173 105
204 114 92
255 190 182
219 205 247
204 142 57
221 127 102
203 84 56
202 140 100
203 90 68
159 119 91
202 76 40
202 127 112
202 130 88
202 90 56
204 130 97
160 77 47
204 133 112
204 117 44
205 79 48
251 222 217
36 0 0
106 81 39
110 86 74
149 96 62
206 177 107
148 90 30
170 118 19
193 91 49
142 127 42
172 91 12
185 130 49
172 91 42
163 127 11
195 128 58
162 91 10
195 128 34
162 128 15
195 128 54
163 128 0
194 134 51
172 128 19
185 128 32
172 128 7
185 128 62
172 128 33
42 6 18
128 43 49
56 55 10
100 29 42
90 37 35
58 19 51
15 0 16
30 10 14
34 34 45
60 0 0
51 52 62
0 0 0
67 48 53
51 33 0
49 47 58
58 8 9
109 61 58
53 29 9
47 49 58
0 1 0
0 0 0
56 12 51
114 43 58
33 32 6
94 62 58
70 31 37
10 9 10
83 31 38
0 0 0
0 1 44
2 1 2
0 0 0
2 0 0
0 0 0
0 0 0
0 0 0
0 0 16
53 11 16
25 11 12
102 38 39
148 77 5
160 84 42
112 45 53
48 6 14
100 42 33
102 43 18
91 40 51
153 94 16
169 85 51
194 85 33
202 98 51
214 82 51
210 99 51
158 83 51
204 94 46
204 107 86
204 91 60
241 196 167
249 232 218
204 164 109
248 128 102
200 135 113
204 164 102
200 134 91
211 90 56
204 97 69
204 128 84
204 118 41
204 134 113
204 114 40
211 97 67
204 127 84
204 81 53
200 102 56
187 196 199
70 17 0
87 25 10
156 85 75
169 129 111
191 162 93
151 122 13
197 92 41
158 134 55
171 128 5
193 134 42
164 114 55
193 134 5
195 128 46
158 128 49
199 134 42
158 128 11
199 128 56
158 128 35
195 125 18
162 127 51
193 128 41
164 128 11
193 128 58
164 128 37
193 128 7
65 49 45
129 43 51
109 80 47
102 5 5
42 44 10
109 86 51
53 10 41
104 50 60
3 4 0
37 0 17
55 32 34
0 0 0
99 41 35
51 0 17
51 45 53
49 36 42
88 78 49
51 9 42
66 41 49
2 0 2
1 0 0
109 83 51
80 39 49
21 20 61
127 81 53
4 0 0
46 39 46
0 0 0
3 3 2
2 0 0
0 0 0
0 0 0
0 0 0
0 0 0
0 0 0
12 0 12
9 0 41
62 48 41
110 45 60
112 56 0
165 44 58
152 85 4
155 52 36
60 46 60
102 43 6
102 43 41
116 53 55
153 71 41
194 85 51
157 85 6
204 119 51
187 98 47
202 119 51
211 98 51
208 121 49
204 95 61
204 134 93
199 117 44
193 112 84
204 122 104
197 128 102
220 127 85
204 125 106
219 127 60
202 134 109
204 132 96
204 128 57
204 77 68
204 127 85
204 94 68
202 133 92
204 128 61
204 83 51
219 192 130
141 102 112
97 35 16
50 0 39
167 82 14
198 143 92
148 110 30
165 89 43
146 125 4
215 126 36
194 128 62
162 127 4
195 90 36
162 127 58
162 128 0
211 128 51
146 127 9
211 128 42
146 128 53
211 128 6
161 141 41
196 128 55
161 128 5
196 125 42
162 128 53
195 128 0
162 128 58
107 45 0
54 43 51
100 37 0
102 49 58
64 43 43
100 36 51
64 51 8
32 32 34
72 52 16
0 0 41
36 0 9
15 0 0
29 46 9
51 14 41
54 30 36
51 7 8
46 37 51
51 36 8
99 46 54
0 0 0
0 0 0
103 51 51
79 58 54
106 76 38
0 28 40
48 1 2
0 0 0
3 1 2
0 0 0
0 0 2
0 0 0
0 0 0
0 0 0
15 0 15
8 10 0
54 10 60
68 10 4
104 39 8
107 51 35
159 77 13
209 103 49
149 85 62
167 89 6
119 54 34
102 43 58
102 43 8
158 89 36
153 51 4
161 85 55
215 85 58
204 92 51
159 120 66
204 92 51
202 120 48
189 89 66
204 121 94
204 127 59
206 134 115
220 132 106
204 129 87
206 128 102
245 128 61
204 117 87
249 128 94
204 127 104
204 130 40
204 128 113
204 99 92
204 128 60
204 121 93
204 126 59
204 128 94
204 95 51
249 206 221
87 27 0
34 0 42
135 83 19
194 94 108
146 152 31
151 94 7
213 137 4
155 73 62
187 131 6
161 128 35
196 128 62
161 137 6
196 128 53
196 128 0
206 128 51
151 128 43
202 125 8
155 128 36
202 128 58
200 165 8
157 128 36
200 128 58
157 140 8
196 128 36
161 128 13
196 128 53
104 31 0
96 43 55
106 47 12
106 42 53
111 43 8
108 47 51
96 30 47
0 0 9
98 30 46
0 0 7
9 13 47
46 0 0
11 34 47
51 38 7
40 7 9
55 40 47
52 44 51
51 6 47
34 34 41
0 0 0
28 12 14
94 73 54
129 71 40
32 0 0
5 0 0
0 0 0
2 1 2
0 0 0
0 0 0
0 0 0
0 0 0
0 0 0
14 0 0
45 0 45
70 47 10
56 47 35
103 45 61
112 55 44
173 90 6
148 46 56
202 119 51
167 85 35
195 84 58
157 78 9
102 43 49
98 43 43
155 84 9
153 82 57
200 85 37
188 85 49
204 125 51
211 88 96
204 122 47
204 88 62
159 134 93
204 91 59
204 128 95
204 116 90
249 128 105
204 128 57
204 128 106
211 131 94
204 89 60
197 131 58
200 128 88
204 116 67
204 131 86
204 120 59
204 131 98
204 88 55
204 131 98
204 131 58
204 133 48
194 159 170
45 0 7
85 64 1
203 161 106
160 135 29
155 87 7
167 122 61
188 115 58
149 110 35
162 116 61
196 128 5
161 128 35
196 115 57
161 128 41
161 128 11
190 128 55
163 128 4
208 140 44
149 128 9
204 128 49
143 119 47
214 128 6
143 128 53
214 165 43
157 128 6
197 125 59
161 128 37
89 7 14
55 40 34
88 32 60
88 43 37
87 43 44
82 35 54
44 7 0
16 2 48
34 7 0
10 0 47
48 39 0
0 0 13
44 0 0
54 0 47
0 40 48
37 0 0
54 46 54
54 40 0
0 0 0
0 0 0
92 39 46
35 0 41
0 0 0
0 3 2
0 1 2
2 0 0
0 0 0
0 0 0
0 0 0
0 0 0
0 0 0
0 0 0
46 0 0
0 0 0
98 44 59
123 41 8
106 50 36
155 78 4
194 81 58
163 91 53
204 91 51
199 85 5
156 85 49
151 49 48
99 40 51
116 43 7
140 85 44
153 38 53
146 85 5
161 85 54
207 79 51
202 133 44
204 91 65
204 134 107
211 127 55
204 122 95
204 128 54
204 90 43
197 131 92
204 128 108
204 128 89
252 117 58
204 136 95
206 117 98
217 131 59
204 89 94
204 117 59
204 91 95
204 116 44
204 136 112
204 117 41
204 119 98
204 125 59
215 188 122
54 0 0
223 147 72
141 84 32
201 115 7
150 123 57
199 91 40
161 89 49
167 159 8
197 89 36
160 128 61
197 128 5
160 89 53
197 128 0
197 128 56
158 128 37
212 128 61
191 166 4
167 128 44
204 128 54
168 140 0
189 128 58
165 128 37
189 123 7
214 128 58
156 139 40
197 128 5
55 35 43
109 53 17
59 4 37
59 46 8
59 43 6
0 0 38
53 38 14
40 0 0
0 38 11
59 0 0
0 0 14
14 11 46
6 1 14
41 1 0
1 0 0
8 1 1
41 35 41
41 0 1
14 1 14
0 0 0
0 0 0
0 2 0
51 2 1
1 0 0
0 0 0
0 0 0
0 0 0
0 0 0
0 0 0
0 0 0
0 0 0
0 0 0
0 0 0
1 0 1
35 35 40
140 45 48
179 94 8
163 45 57
155 92 49
209 84 38
207 125 51
143 85 61
213 85 51
153 80 0
112 54 54
145 40 45
107 87 3
153 42 38
154 87 61
198 85 38
191 86 51
204 129 52
204 123 94
204 127 104
203 128 108
204 88 54
204 131 112
204 131 62
205 117 43
204 128 104
204 128 56
194 89 96
204 116 57
204 89 45
250 117 96
204 136 57
204 89 96
204 125 57
204 91 52
204 116 91
204 89 62
204 81 44
204 134 114
255 255 255
136 49 49
187 159 88
168 128 0
143 88 57
166 90 53
144 123 0
201 133 51
196 85 45
159 133 4
198 128 40
159 128 58
198 134 38
156 128 14
159 128 50
210 128 8
193 125 37
158 123 58
196 128 6
207 125 38
196 166 14
161 125 50
209 128 8
161 127 45
190 128 50
214 163 0
156 128 61
111 12 3
101 81 104
100 49 7
97 33 46
96 43 45
13 9 7
48 2 44
15 8 10
10 5 59
40 0 1
10 1 44
47 39 0
48 0 47
0 0 1
0 1 13
48 0 0
0 0 0
0 1 0
47 0 47
0 0 0
3 1 1
1 0 1
0 0 0
0 0 0
0 0 0
12 0 12
0 0 0
0 0 0
13 0 0
1 0 0
0 0 0
0 0 0
0 0 0
0 0 0
0 0 0
30 35 0
170 68 48
208 95 52
218 139 54
201 82 4
192 80 51
167 85 37
193 85 54
153 48 11
158 79 39
108 53 6
159 78 57
153 51 7
153 77 38
159 85 4
160 85 51
207 120 51
204 90 57
204 128 90
204 131 103
204 133 108
204 115 89
204 139 110
204 91 61
204 128 90
204 128 108
217 133 57
204 91 99
204 136 49
198 91 57
204 117 99
204 133 54
204 80 102
207 125 51
204 88 46
204 133 107
204 86 55
204 182 165
244 249 243
255 255 255
155 136 70
194 71 0
173 141 53
199 123 39
163 87 11
144 130 54
159 124 3
198 129 60
159 128 0
198 128 50
156 127 7
213 128 44
198 128 51
206 128 45
145 138 7
210 127 50
159 128 48
192 138 4
156 123 44
198 138 51
203 128 45
201 138 6
157 128 51
191 133 14
210 128 38
89 87 57
102 38 43
39 39 46
50 1 0
53 40 2
53 49 46
62 48 5
107 49 58
58 41 41
0 0 0
58 0 5
0 0 1
0 0 0
1 0 0
0 0 47
0 0 0
1 1 1
1 0 0
0 0 0
0 0 0
0 0 0
0 0 0
1 0 0
0 0 0
0 0 0
48 0 47
0 0 0
6 0 11
42 0 0
0 0 8
0 0 0
1 0 0
8 0 11
0 0 0
0 1 1
0 0 2
0 0 0
120 69 43
179 105 42
214 99 60
159 86 51
196 85 7
148 87 39
153 81 56
151 47 7
148 82 46
151 37 50
153 89 48
153 39 4
198 85 60
198 85 51
195 81 51
204 126 99
204 128 58
204 118 93
204 129 100
204 97 55
204 157 92
204 123 110
204 130 58
204 128 101
251 127 97
204 126 45
204 117 62
205 124 97
204 88 42
201 127 109
207 86 36
195 82 51
204 135 52
204 127 101
204 85 40
204 219 210
199 196 198
245 242 241
218 231 228
164 115 44
178 101 40
155 94 7
213 135 56
162 115 39
199 87 60
158 118 38
199 128 13
158 128 51
210 128 46
191 128 5
158 128 51
193 128 5
163 167 46
205 137 51
199 128 0
160 164 60
210 129 3
158 167 54
204 128 3
144 167 46
213 126 54
157 168 44
205 128 4
57 37 50
102 44 55
71 52 2
121 57 68
110 54 60
63 35 5
101 44 46
33 35 41
41 0 0
0 0 0
41 0 49
1 1 0
12 0 12
0 0 0
0 0 0
1 0 0
0 0 0
0 0 0
1 0 1
0 0 0
0 0 0
0 0 0
0 0 0
0 0 0
0 0 0
0 0 0
6 7 8
64 7 48
8 7 8
28 16 58
1 0 0
0 0 0
59 0 48
0 0 11
11 0 0
0 1 0
3 3 2
0 0 0
29 0 0
171 111 41
209 89 53
165 89 46
154 76 6
153 47 50
155 81 46
107 38 5
155 53 51
155 86 0
155 44 57
160 87 39
160 87 53
148 88 51
206 80 47
206 132 100
206 90 46
206 119 104
204 174 110
204 83 46
204 89 89
204 119 100
201 128 102
198 126 53
204 78 50
204 90 101
204 87 56
204 133 61
215 126 98
196 85 0
148 80 51
204 120 54
204 128 102
204 83 1
201 200 192
208 117 125
188 206 196
255 255 255
255 255 255
50 0 2
122 111 50
191 124 52
219 103 6
154 132 39
199 88 4
158 128 45
199 128 53
205 128 2
159 128 46
199 128 54
157 128 46
211 123 2
193 167 54
158 128 10
199 132 42
203 128 57
202 123 43
204 126 57
165 123 5
192 137 40
213 121 2
193 128 60
98 44 51
102 43 41
157 82 59
143 83 100
95 76 42
91 0 49
35 36 4
7 0 0
0 1 11
10 0 0
0 0 0
0 0 0
48 0 48
0 0 0
0 0 1
0 0 0
0 0 0
0 0 0
0 0 0
0 0 0
0 0 0
0 0 0
0 0 0
0 0 0
0 0 10
17 7 0
63 47 55
105 45 0
120 47 58
156 84 40
81 15 8
11 13 8
37 0 0
1 0 48
48 9 0
8 0 10
10 0 0
2 2 11
0 3 2
0 0 0
124 72 43
179 72 4
160 50 49
157 85 51
145 46 4
151 44 47
148 82 54
145 81 0
148 43 52
197 79 3
194 78 43
159 79 51
201 88 45
199 115 45
199 128 55
198 91 94
209 117 95
208 138 52
209 128 59
206 90 45
216 130 104
205 138 110
204 93 59
204 127 35
204 135 100
204 125 106
249 136 112
146 87 2
154 37 51
206 81 41
204 128 104
204 90 62
214 183 159
196 75 0
160 156 134
238 189 225
247 255 255
173 106 59
7 0 0
76 69 44
172 153 50
219 133 6
157 135 57
196 125 2
155 128 43
197 128 57
200 128 4
157 128 41
210 128 2
192 127 59
156 123 41
200 128 56
157 166 0
204 128 52
145 129 0
207 136 50
198 129 49
156 167 3
193 137 59
156 128 40
55 43 53
102 43 3
88 38 40
31 32 36
37 0 0
0 0 0
4 0 47
47 0 0
1 0 48
48 0 0
1 0 1
0 0 0
0 0 0
0 0 0
0 0 0
0 0 0
0 0 0
0 0 0
0 0 0
0 0 0
0 0 0
0 0 0
10 0 0
7 8 9
17 6 46
110 46 7
105 42 52
100 50 11
154 42 40
101 43 3
208 86 58
127 92 58
8 4 8
0 0 0
0 41 0
58 0 48
48 8 9
9 0 48
0 0 0
3 4 2
0 0 0
0 0 49
131 78 0
141 32 53
102 86 47
98 45 4
90 40 41
100 31 10
91 45 41
85 39 59
94 41 0
136 39 53
134 81 0
141 36 55
141 74 42
144 123 46
189 76 40
192 115 51
189 74 93
199 128 52
247 124 95
208 163 96
209 133 109
204 78 4
204 121 45
206 138 103
208 167 150
164 77 0
155 52 51
197 88 5
204 130 95
204 138 112
252 251 202
148 46 9
202 71 44
144 75 24
195 225 226
210 188 129
179 72 28
0 0 0
0 0 0
174 110 50
209 125 52
173 141 56
211 130 0
143 126 50
157 128 47
200 128 5
202 128 57
158 136 40
212 129 5
155 128 50
203 131 11
204 126 42
164 128 11
195 168 51
154 128 0
212 121 59
156 168 40
212 128 3
101 45 44
102 41 56
51 46 5
5 0 6
4 10 10
7 4 8
57 0 4
2 15 7
0 0 0
0 0 0
0 0 0
0 0 0
1 0 1
0 0 0
0 0 0
0 0 0
0 0 0
0 0 0
0 0 0
0 0 0
0 0 0
0 0 0
46 0 9
57 41 48
106 48 4
104 44 57
103 45 42
104 83 46
156 43 5
160 91 56
147 37 41
205 84 41
120 54 57
22 13 8
0 0 0
43 0 0
0 41 49
48 0 0
9 0 9
7 0 0
2 2 1
5 2 0
0 0 1
34 0 44
90 33 3
99 37 50
50 36 5
94 3 46
46 35 5
47 44 41
96 37 10
49 44 42
42 32 8
99 45 44
99 41 2
90 27 55
94 41 0
85 36 51
94 41 0
142 75 51
137 76 49
191 71 38
188 123 94
208 95 59
206 81 52
195 162 95
255 127 101
204 47 9
144 83 51
149 78 50
204 122 47
204 172 156
198 160 147
156 91 66
150 49 54
158 90 8
143 26 34
189 192 182
202 170 152
82 23 28
28 23 17
0 0 0
123 67 42
231 151 52
202 126 10
176 137 49
198 126 1
154 128 50
206 126 50
200 168 5
194 128 47
209 126 51
145 169 46
206 135 2
199 128 49
156 122 51
212 128 10
194 136 41
209 124 2
194 126 59
46 38 0
102 50 50
42 36 48
56 6 48
54 39 47
63 55 55
48 5 48
54 78 55
0 0 1
1 0 0
0 0 0
0 0 0
0 0 0
0 0 0
0 0 0
0 0 0
0 0 0
0 0 0
0 0 0
0 0 0
0 0 0
0 0 0
3 0 49
44 0 0
36 37 48
90 38 44
98 38 4
98 40 3
142 45 50
149 81 52
152 46 4
144 82 4
152 84 44
161 88 55
6 0 8
0 0 0
0 0 0
0 0 1
49 0 49
57 7 8
8 0 0
0 0 1
2 2 0
7 1 0
0 0 50
41 0 0
46 4 50
57 49 3
63 4 48
58 43 4
53 2 47
111 43 2
60 3 57
105 43 0
103 44 58
55 4 43
104 44 7
56 45 53
105 44 1
97 41 53
101 39 44
92 42 4
100 75 49
192 121 41
198 86 51
159 79 49
192 117 89
139 82 47
104 39 53
154 45 0
204 80 50
204 172 156
207 177 160
147 79 92
148 84 51
147 80 58
99 48 58
94 29 0
133 70 41
202 128 144
159 134 104
26 15 18
0 5 2
0 0 41
126 68 47
240 166 62
170 140 56
211 129 0
193 133 51
156 124 50
155 128 3
205 135 51
161 124 3
196 166 58
156 128 0
209 136 51
194 128 47
157 168 2
203 127 58
157 135 41
52 0 9
104 83 51
8 2 1
50 46 3
56 1 1
97 76 52
57 46 1
57 4 52
0 0 0
0 0 0
0 0 0
0 0 0
0 0 0
0 0 0
0 0 0
0 0 0
0 0 0
0 0 0
0 0 0
0 0 0
0 0 0
0 0 0
50 0 0
0 1 0
3 0 3
0 0 0
40 0 48
40 38 50
36 38 0
85 33 43
85 38 50
86 33 48
84 32 0
89 31 52
55 7 47
7 5 8
4 6 7
0 0 0
0 0 0
44 41 49
49 0 8
8 0 0
8 0 8
48 0 0
1 1 0
0 1 1
0 42 0
95 37 50
92 42 3
109 45 48
109 47 1
91 43 58
106 47 42
94 43 7
102 43 44
107 47 2
102 43 57
107 43 43
100 41 6
111 44 43
101 50 4
110 42 56
159 47 44
93 34 4
149 86 51
195 81 44
150 41 0
107 45 3
158 42 43
153 89 7
204 92 59
206 160 141
200 155 134
98 40 0
98 39 51
98 40 44
105 43 43
104 47 59
50 42 46
91 34 0
95 74 45
159 87 96
119 93 58
23 14 10
0 4 1
22 65 90
231 151 50
203 126 17
170 179 51
201 127 0
209 126 48
196 168 51
208 129 50
155 128 42
201 128 9
205 168 53
157 128 1
201 122 58
206 136 42
201 168 4
51 7 49
95 39 51
110 45 56
49 41 49
107 49 58
53 0 44
106 42 58
102 84 44
0 0 0
0 0 0
0 0 0
7 0 0
0 0 0
0 0 0
0 0 0
0 0 0
7 0 0
0 0 0
5 0 0
0 0 7
7 0 0
5 0 7
0 6 0
7 0 5
56 6 50
6 6 7
3 0 2
1 2 0
4 0 7
0 2 4
0 0 0
0 2 1
0 2 8
49 2 44
48 40 1
55 46 49
60 48 55
6 5 0
0 0 0
0 0 0
0 0 49
49 0 0
49 6 49
2 0 7
5 0 0
0 0 0
8 0 8
0 0 0
0 0 50
90 38 2
97 43 57
61 44 44
101 42 2
53 43 56
102 43 0
101 42 57
100 42 43
101 43 2
109 49 56
150 43 2
109 84 50
157 47 50
152 85 4
110 49 49
154 81 51
99 44 3
154 91 57
151 83 49
154 49 2
155 86 56
206 128 100
200 79 46
144 34 0
103 44 9
105 44 51
103 44 0
95 43 2
102 43 52
108 44 4
104 45 51
103 41 54
95 38 0
156 84 43
166 91 105
120 94 58
17 5 4
0 0 51
126 69 95
233 148 51
161 138 23
208 135 0
156 124 47
206 130 0
212 177 2
153 128 48
197 122 42
201 126 58
154 135 45
197 161 2
154 124 51
51 42 0
53 43 51
100 49 50
56 47 0
94 37 43
102 48 3
102 44 43
40 0 3
0 0 0
0 0 0
0 0 0
49 0 0
0 0 0
0 0 0
7 0 0
0 0 0
49 0 7
0 0 0
54 0 0
0 0 49
48 0 0
54 6 48
6 40 7
54 6 54
48 46 0
61 46 54
54 6 49
62 47 8
54 5 54
62 47 49
55 5 8
55 48 56
62 47 48
51 47 3
56 0 55
48 42 0
104 37 51
53 46 5
10 4 7
4 5 6
4 0 0
0 0 0
0 40 0
51 0 50
56 0 7
7 5 7
48 0 48
2 1 1
50 1 0
0 0 51
43 39 45
153 39 0
103 43 55
106 43 43
100 43 6
102 43 45
109 48 2
100 43 57
150 82 43
102 43 56
152 38 0
152 89 53
153 38 49
156 89 2
153 39 51
159 90 51
155 80 50
102 45 2
148 84 56
148 80 43
201 77 48
145 88 47
100 46 59
102 43 48
94 43 53
102 43 0
53 43 55
102 43 44
99 42 49
102 43 2
100 44 44
103 44 58
145 81 2
145 83 45
148 78 43
166 94 108
119 94 51
14 10 4
0 0 51
182 154 145
188 166 64
208 133 64
192 122 11
193 161 54
213 131 1
158 137 8
157 136 42
210 169 0
156 88 56
208 127 0
51 0 0
106 48 51
102 78 51
105 89 61
52 0 1
45 42 49
97 39 3
4 7 49
0 0 0
0 0 0
0 0 0
0 0 0
0 0 0
0 0 0
50 0 0
0 0 0
0 0 50
0 0 0
50 5 6
0 0 0
0 5 5
50 41 2
54 0 48
50 41 51
55 42 0
100 42 51
55 41 0
98 42 48
56 46 51
104 42 0
55 46 50
55 37 50
104 42 2
56 42 49
105 47 51
56 43 5
101 1 47
55 42 54
108 46 48
59 44 56
59 4 6
10 4 6
4 0 0
0 0 0
43 0 48
50 42 50
2 5 2
0 0 0
0 0 0
2 1 0
0 0 0
38 0 1
99 44 51
104 44 3
109 43 56
100 42 0
150 84 55
108 42 44
102 44 3
159 42 50
96 49 7
153 79 45
153 49 0
152 79 49
153 49 53
152 79 0
147 40 51
157 84 51
97 38 50
97 45 3
144 41 46
100 80 1
102 43 44
102 43 2
58 43 45
102 43 5
105 42 51
101 43 3
108 48 0
101 43 49
108 42 3
101 43 44
105 39 55
97 86 54
104 45 1
144 78 40
154 83 51
209 130 100
118 94 51
7 0 0
44 74 94
131 114 150
105 90 111
96 80 54
188 119 54
199 160 104
199 160 7
201 127 12
207 177 50
207 135 11
51 4 4
101 85 52
102 1 51
102 82 101
106 51 55
57 43 0
49 0 51
51 42 1
0 0 0
0 0 0
0 0 0
1 0 0
0 0 5
0 0 0
0 0 0
0 0 0
1 0 0
0 0 0
51 42 49
0 0 1
55 42 54
51 0 51
50 47 0
50 0 47
106 44 4
46 43 46
105 0 56
51 43 0
100 42 47
101 43 55
105 42 0
105 1 52
100 42 49
105 43 0
101 42 46
104 42 55
101 45 0
104 43 50
100 41 1
103 47 45
104 44 54
107 46 49
58 45 5
9 4 5
5 4 1
0 0 0
48 41 49
6 5 5
56 0 5
0 0 0
6 1 6
0 1 0
43 40 46
94 40 51
149 44 46
110 49 5
102 39 51
151 47 1
157 85 49
147 47 52
108 83 49
153 45 2
153 83 55
153 45 2
153 83 46
154 45 5
103 43 52
152 44 0
107 48 51
107 84 51
104 44 1
102 44 56
107 43 1
101 42 49
154 42 2
101 43 54
107 47 46
106 42 49
151 84 56
106 42 0
151 47 49
106 42 2
153 48 50
107 81 46
152 84 56
103 45 2
153 85 51
96 34 0
155 83 51
210 94 107
113 46 0
4 0 43
142 119 91
104 89 108
49 42 55
94 36 49
97 40 105
140 121 103
138 111 50
190 162 104
50 45 54
103 36 47
102 92 51
98 37 42
102 83 50
102 44 56
46 0 0
0 0 51
0 0 0
0 0 0
0 0 0
0 0 0
0 0 50
0 0 0
1 0 0
5 0 0
0 4 6
0 0 0
52 0 1
5 4 0
50 0 50
51 46 0
50 38 55
56 46 0
96 39 55
56 43 1
101 46 45
106 43 56
51 43 0
102 43 51
100 43 5
101 45 46
107 47 1
100 43 55
102 42 2
105 47 45
107 46 5
105 42 51
101 47 51
105 83 1
100 46 50
104 41 1
103 46 49
106 44 54
107 44 51
8 4 5
4 0 1
48 41 49
45 0 50
5 4 5
49 0 49
0 0 0
3 0 2
0 0 0
41 40 0
145 81 55
160 49 47
103 84 55
152 39 1
104 83 46
151 44 0
153 84 50
153 44 51
153 84 50
154 44 1
148 85 55
157 46 46
153 85 6
156 83 51
156 44 0
157 42 56
106 89 45
151 42 55
106 47 1
102 47 50
106 42 51
151 84 1
156 46 1
102 40 45
156 46 55
102 84 1
156 46 50
97 84 52
156 45 1
102 43 46
157 85 55
148 85 52
158 49 56
148 85 51
97 79 46
150 88 56
165 93 53
3 0 0
101 77 93
98 86 101
111 100 113
98 80 44
51 41 51
56 1 56
46 34 45
55 43 50
98 1 0
102 81 51
49 1 3
100 41 52
43 39 46
6 4 5
1 1 0
0 0 0
0 0 0
4 0 0
0 0 0
0 0 0
0 0 0
0 0 0
50 0 0
0 42 50
3 0 0
48 1 51
49 41 0
52 4 52
51 43 0
55 1 51
100 42 4
53 1 47
105 43 54
102 42 2
101 43 46
105 43 4
102 43 48
106 43 53
101 46 2
151 83 50
106 42 50
101 47 50
156 84 2
151 84 54
156 46 52
105 84 0
157 43 54
105 84 52
156 47 50
105 84 0
104 46 50
104 45 0
106 44 55
107 46 50
3 0 0
0 3 0
48 41 50
1 4 1
4 0 0
50 1 51
6 1 1
0 0 0
0 0 47
142 82 0
155 41 51
154 47 50
151 43 1
102 85 55
154 43 0
153 85 47
154 44 1
149 84 54
103 40 46
152 88 1
153 39 50
152 44 51
152 84 5
152 47 46
156 81 1
102 47 51
156 84 50
152 83 0
156 47 47
102 39 55
152 87 50
156 44 2
152 87 50
156 40 50
152 87 0
106 40 48
152 84 54
156 89 0
152 39 51
103 86 47
152 83 50
98 85 52
157 44 52
103 84 50
146 80 51
159 91 55
106 1 0
0 40 48
143 161 144
58 6 62
101 87 100
152 88 100
109 50 57
101 40 51
52 46 0
103 42 52
51 46 50
45 41 48
1 1 2
102 43 50
0 0 1
0 0 0
0 0 0
50 0 0
0 0 0
0 0 1
0 0 0
0 0 0
0 0 0
0 0 0
54 0 4
0 0 0
1 1 4
47 43 48
51 40 3
101 46 48
52 44 53
101 46 0
101 43 50
102 43 50
102 43 2
101 43 53
102 43 0
152 43 51
105 84 50
102 44 0
151 45 52
105 85 0
152 43 51
102 41 50
152 87 47
155 40 5
148 87 50
155 43 47
152 84 0
154 43 54
155 84 52
155 87 4
103 45 46
104 42 1
106 45 54
56 44 5
3 0 0
48 42 50
51 3 4
0 0 0
50 0 0
5 1 4
1 1 0
0 0 0
93 41 48
152 85 1
107 88 54
156 40 47
149 88 54
154 40 2
149 85 50
103 44 50
156 43 2
154 82 54
153 46 0
153 84 51
153 44 49
153 84 1
152 43 55
156 85 47
152 43 1
102 44 54
152 84 2
155 46 46
153 84 0
152 43 50
153 84 52
152 44 0
153 84 55
155 44 0
153 44 51
152 81 4
153 47 47
156 82 2
153 44 51
106 85 47
152 85 52
152 85 51
104 43 51
100 85 50
151 90 55
112 43 52
2 0 0
148 126 148
57 89 57
48 41 51
94 81 97
48 0 51
105 42 3
99 41 48
54 43 1
1 0 0
55 43 51
0 0 0
0 0 0
0 0 0
0 0 0
0 0 0
0 0 0
0 0 0
0 0 0
0 0 0
1 0 0
0 1 1
48 0 51
3 0 4
51 43 50
0 0 0
51 1 53
48 42 0
101 40 51
52 42 0
102 44 52
102 43 0
102 43 51
101 43 50
101 42 4
99 42 48
155 43 0
157 85 55
102 87 48
155 41 54
153 87 0
156 43 51
153 84 0
152 46 50
106 84 51
152 87 0
153 43 55
155 87 50
152 43 48
152 84 53
154 87 0
152 42 50
104 45 50
106 44 51
107 45 3
6 0 0
0 42 50
55 3 4
0 0 0
51 0 50
3 0 1
1 1 3
0 0 0
95 39 51
202 83 51
155 47 0
102 82 50
150 46 51
103 40 0
157 85 52
152 46 50
150 41 50
153 87 0
153 43 52
153 85 0
153 44 55
153 88 47
152 40 0
153 88 51
155 85 50
153 43 50
155 87 0
152 85 54
152 42 0
153 85 49
153 43 54
153 85 47
152 42 3
153 85 49
153 43 53
153 85 1
152 43 50
153 84 51
155 86 0
154 40 48
102 86 51
152 87 52
156 82 51
103 85 50
150 45 51
158 91 55
0 0 0
148 122 149
107 91 106
0 0 0
51 45 51
102 44 51
52 0 1
102 41 51
54 3 3
48 0 0
1 0 1
3 0 0
0 0 0
0 0 0
0 0 0
0 0 0
0 0 0
3 0 0
0 0 0
0 0 0
0 0 0
0 0 0
53 0 51
0 0 0
54 3 0
51 43 51
52 43 3
51 1 48
102 43 3
102 41 48
102 43 54
102 43 0
104 42 51
105 45 50
105 45 1
152 85 53
150 43 48
155 85 1
152 43 50
153 85 3
152 45 51
153 85 54
155 84 0
206 85 52
155 85 53
152 87 48
206 84 51
156 87 0
155 84 50
155 84 53
101 45 0
152 84 51
155 87 0
99 43 53
156 47 53
7 0 0
46 42 50
3 2 3
0 0 0
50 0 0
3 0 51
1 0 1
0 0 0
42 40 49
147 83 3
157 44 52
102 84 0
153 46 54
150 41 48
153 84 0
102 46 52
153 82 2
153 85 49
153 43 53
153 85 48
153 83 1
152 45 53
153 82 0
155 43 51
153 88 0
206 85 53
155 84 50
155 45 53
152 85 0
152 42 50
153 86 0
152 45 53
153 40 0
153 87 50
153 41 51
153 87 0
153 43 52
152 83 53
150 45 0
155 83 52
102 85 48
153 44 51
153 83 51
102 86 51
101 84 50
109 87 54
0 0 0
95 123 97
111 92 111
53 43 51
100 41 0
102 45 51
50 0 0
48 43 51
1 0 0
0 0 0
51 0 2
0 0 0
0 0 0
2 0 2
0 0 0
0 0 0
51 0 0
0 0 0
0 0 0
0 0 0
3 0 3
48 2 0
3 0 51
48 42 2
51 0 49
50 43 50
102 43 0
51 43 51
102 0 0
102 43 48
101 43 3
155 45 51
152 84 0
154 87 51
153 41 51
102 87 0
152 83 51
153 44 51
152 85 53
155 86 51
152 85 48
206 43 53
150 85 49
206 85 51
155 85 0
204 87 51
203 85 53
205 86 51
205 87 50
157 86 53
101 42 51
151 83 3
106 43 48
101 86 51
157 44 51
4 2 0
49 42 50
3 0 51
0 2 0
51 0 0
0 0 0
3 0 3
0 0 0
0 0 50
147 84 49
157 44 2
102 84 48
102 43 1
153 43 53
155 84 49
154 44 52
153 41 0
153 87 51
153 43 0
153 42 51
155 86 51
153 44 2
204 87 52
153 83 51
204 85 50
205 87 51
205 86 51
155 85 2
155 44 51
152 83 53
155 86 48
153 45 3
153 85 51
152 45 0
153 85 53
153 85 49
153 43 51
102 86 53
153 41 49
155 85 0
150 85 51
102 43 51
156 85 51
155 85 51
154 42 51
160 89 54
2 0 0
147 123 148
101 43 51
50 0 0
51 43 0
50 0 51
1 0 0
51 2 1
2 0 0
0 0 51
0 0 0
0 0 0
51 0 51
0 0 0
0 0 0
0 0 0
0 0 0
2 0 2
0 0 0
51 0 51
1 43 0
50 0 0
1 0 52
51 1 1
53 43 0
51 0 53
102 43 0
102 44 53
102 43 1
103 43 50
151 85 51
102 43 51
153 83 0
153 44 49
154 83 53
155 43 0
153 86 51
154 85 49
204 85 51
154 85 0
202 86 51
155 85 0
202 85 51
206 85 53
204 128 51
153 85 50
204 129 51
204 128 53
205 86 50
156 88 51
101 42 50
205 44 0
155 84 49
152 44 0
155 86 53
2 1 0
50 0 0
53 42 1
0 0 0
2 0 0
51 0 50
2 0 0
1 1 0
0 0 0
149 84 53
154 44 1
155 44 51
153 85 51
153 43 0
151 85 51
153 45 2
153 83 49
153 87 53
153 43 0
204 85 50
153 85 52
151 83 50
153 43 0
203 85 51
204 128 51
204 86 51
205 85 52
206 88 51
154 43 51
204 85 1
153 85 50
153 85 51
155 86 51
153 84 51
153 43 0
153 87 49
155 85 51
153 44 1
153 85 53
104 43 51
155 86 51
150 84 51
153 85 51
153 86 51
150 84 51
157 88 53
0 0 0
51 43 51
51 43 1
103 43 51
0 1 0
51 0 0
0 43 52
51 0 0
0 0 0
0 0 0
0 0 0
0 0 0
0 0 0
0 0 0
0 0 0
0 0 0
51 0 51
1 1 0
0 0 0
51 0 1
0 1 0
51 43 51
51 44 51
102 42 51
102 44 51
51 43 0
102 43 51
102 43 51
154 44 0
102 42 51
154 85 0
153 43 53
153 86 0
154 43 51
204 85 52
153 85 50
205 85 0
152 85 51
205 85 52
152 85 51
205 86 52
153 85 51
202 86 51
204 84 51
206 86 52
204 127 51
203 84 102
204 129 52
205 127 51
102 43 0
153 86 52
152 42 0
153 86 52
101 41 49
156 87 53
0 1 0
50 0 52
1 0 1
51 0 0
0 1 0
51 0 0
1 0 51
1 1 0
0 0 50
99 84 51
152 85 0
154 43 50
153 85 1
102 43 50
153 85 52
153 43 0
153 84 49
153 44 53
152 84 0
153 43 51
153 43 0
153 85 53
152 85 50
204 84 51
204 129 51
204 85 51
203 128 51
205 86 51
152 85 51
153 42 0
153 85 51
204 84 0
154 43 50
153 86 52
153 84 0
153 85 51
154 86 51
153 85 51
205 86 51
153 85 51
103 43 51
153 85 51
153 85 51
102 85 51
152 84 51
157 87 53
102 43 51
51 0 51
102 43 0
51 43 51
1 1 1
51 0 50
0 0 0
0 0 0
0 0 0
0 0 0
0 0 0
0 0 0
0 0 0
0 0 0
0 0 0
0 0 0
52 43 1
0 0 0
0 0 51
51 43 0
0 0 51
51 43 0
51 0 0
51 43 51
103 43 0
102 43 51
102 43 0
153 85 51
154 44 51
153 43 1
153 85 50
153 84 51
204 86 51
153 43 51
153 85 0
204 85 52
153 85 50
204 85 51
154 85 51
204 128 51
205 85 51
153 128 51
204 86 51
203 128 102
204 85 51
153 86 50
204 127 102
204 85 51
102 44 52
204 85 51
154 44 51
154 85 51
154 44 0
152 84 50
105 44 1
0 43 50
52 1 52
0 0 0
1 43 51
0 0 0
51 0 0
1 0 1
0 0 0
0 0 0
100 42 51
152 85 0
155 43 52
154 85 0
153 43 50
153 85 52
153 43 0
153 85 50
153 43 1
153 85 51
153 86 1
153 42 50
153 85 0
203 84 50
204 127 51
203 85 51
152 84 50
203 84 51
153 85 0
153 43 51
153 85 51
152 42 51
204 86 0
153 84 51
154 43 51
153 85 51
205 85 0
153 85 51
153 85 51
153 85 50
205 86 51
154 85 51
153 85 51
154 85 51
153 85 51
152 85 51
51 43 51
51 0 0
102 43 1
0 0 0
102 43 51
0 0 0
0 0 0
0 0 0
0 0 0
0 0 0
0 0 0
0 0 0
0 0 0
0 0 0
0 0 0
0 0 0
50 0 51
0 0 0
51 0 0
0 0 0
51 0 51
51 43 1
102 43 51
102 43 51
102 43 0
102 43 51
102 43 51
153 43 0
153 85 51
153 85 51
153 43 0
153 43 0
153 85 51
204 85 51
153 85 51
204 85 51
153 85 0
204 85 51
204 85 51
204 85 51
204 85 51
204 85 51
204 128 51
153 85 51
204 128 51
204 128 52
204 85 51
204 128 51
154 85 51
152 85 51
204 86 0
204 85 51
204 85 51
153 43 0
204 85 51
1 0 0
50 43 50
0 0 0
51 0 0
0 0 0
0 0 0
51 0 51
0 0 0
0 0 1
0 0 0
50 42 51
203 85 50
153 43 51
153 85 0
153 43 50
153 85 51
153 43 0
153 85 51
153 43 51
153 85 51
153 43 0
153 85 51
153 43 0
204 85 51
153 85 51
153 85 0
153 43 51
153 85 51
153 43 0
153 85 51
153 43 0
153 85 51
153 43 51
204 85 0
153 85 51
203 85 51
153 85 51
204 85 51
153 85 0
152 85 51
204 85 51
153 85 51
204 85 51
153 85 51
153 85 51
51 85 51
51 0 0
102 43 51
51 43 51
0 0 0
0 0 0
0 0 0
0 0 0
0 0 0
0 0 0
0 0 0
0 0 0
0 0 0
0 0 0
0 0 0
0 0 0
0 0 0
0 0 0
51 0 0
0 0 51
51 43 0
51 0 51
51 43 0
51 0 51
102 43 0
153 43 51
102 43 0
102 43 51
153 43 51
153 85 0
153 43 51
153 85 51
153 85 0
153 85 51
204 85 0
153 85 51
204 85 51
153 85 51
204 85 51
153 128 51
204 85 51
204 128 51
204 85 51
204 85 51
204 85 51
204 128 102
204 85 51
204 128 102
204 85 51
102 43 51
204 128 51
204 85 51
204 85 51
204 85 51
204 85 51
153 85 51
0 0 0
0 43 51
51 0 0
0 0 51
51 0 0
0 0 0
51 0 0
0 0 51
0 0 0
0 0 0
0 0 0
153 85 51
153 43 51
153 85 0
153 85 51
153 43 51
153 85 0
153 85 51
153 43 0
153 85 51
102 43 51
153 85 0
153 85 51
204 85 51
153 85 51
153 85 51
153 43 0
153 85 51
153 43 0
153 85 51
153 43 51
153 85 0
153 85 51
153 85 51
153 85 51
153 85 51
204 85 51
204 85 51
153 85 51
204 85 51
153 85 51
204 85 51
153 85 51
204 85 51
